>GGGAAWTYCCCN	1-GGGAAWTYCCCN	8.774691	-52.401234	0	T:72.0(9.49%),B:1028.7(2.24%),P:1e-22	Tpos:202.0,Tstd:93.8,Bpos:181.6,Bstd:95.5,StrandBias:0.2,Multiplicity:1.08
0.001	0.022	0.739	0.238
0.015	0.001	0.983	0.001
0.129	0.001	0.869	0.001
0.745	0.001	0.253	0.001
0.665	0.111	0.131	0.093
0.484	0.001	0.001	0.514
0.097	0.144	0.163	0.596
0.022	0.440	0.001	0.537
0.001	0.997	0.001	0.001
0.001	0.867	0.001	0.131
0.198	0.502	0.097	0.203
0.249	0.232	0.241	0.278
>GTTCCAACGCCC	2-GTTCCAACGCCC	10.525652	-31.124006	0	T:23.0(3.03%),B:157.6(0.34%),P:1e-13	Tpos:188.6,Tstd:92.8,Bpos:195.0,Bstd:94.7,StrandBias:-0.2,Multiplicity:1.00
0.075	0.001	0.733	0.191
0.001	0.046	0.205	0.748
0.001	0.001	0.165	0.833
0.087	0.577	0.335	0.001
0.001	0.997	0.001	0.001
0.891	0.107	0.001	0.001
0.805	0.145	0.049	0.001
0.001	0.997	0.001	0.001
0.062	0.090	0.555	0.293
0.001	0.651	0.001	0.347
0.001	0.997	0.001	0.001
0.001	0.997	0.001	0.001
>CAAATGGTTTCT	3-CAAATGGTTTCT	12.080016	-30.155592	0	T:12.0(1.58%),B:21.9(0.05%),P:1e-13	Tpos:103.0,Tstd:87.6,Bpos:155.1,Bstd:85.4,StrandBias:0.0,Multiplicity:1.00
0.001	0.852	0.146	0.001
0.997	0.001	0.001	0.001
0.997	0.001	0.001	0.001
0.997	0.001	0.001	0.001
0.001	0.001	0.001	0.997
0.001	0.001	0.997	0.001
0.147	0.001	0.754	0.098
0.001	0.146	0.001	0.852
0.001	0.107	0.001	0.891
0.001	0.121	0.001	0.877
0.146	0.852	0.001	0.001
0.001	0.001	0.001	0.997
>CTTGGAAGCTTC	4-CTTGGAAGCTTC	13.593274	-27.936796	0	T:8.0(1.05%),B:3.3(0.01%),P:1e-12	Tpos:212.5,Tstd:76.4,Bpos:157.2,Bstd:95.9,StrandBias:0.7,Multiplicity:1.00
0.001	0.997	0.001	0.001
0.001	0.001	0.001	0.997
0.001	0.001	0.001	0.997
0.140	0.001	0.719	0.140
0.001	0.001	0.997	0.001
0.997	0.001	0.001	0.001
0.997	0.001	0.001	0.001
0.001	0.001	0.859	0.139
0.067	0.792	0.001	0.140
0.001	0.001	0.001	0.997
0.001	0.001	0.116	0.882
0.001	0.859	0.001	0.139
>GCCTTGGCAAAG	5-GCCTTGGCAAAG	8.588571	-26.979764	0	T:63.0(8.30%),B:1378.7(3.00%),P:1e-11	Tpos:168.9,Tstd:103.0,Bpos:176.6,Bstd:107.7,StrandBias:-0.4,Multiplicity:1.05
0.023	0.029	0.643	0.305
0.001	0.693	0.024	0.282
0.128	0.848	0.023	0.001
0.028	0.235	0.099	0.638
0.001	0.080	0.071	0.848
0.001	0.046	0.693	0.260
0.108	0.023	0.826	0.043
0.220	0.603	0.111	0.066
0.658	0.227	0.092	0.023
0.820	0.015	0.164	0.001
0.877	0.016	0.084	0.023
0.046	0.001	0.942	0.011
>GCCCGGGAGGAG	6-GCCCGGGAGGAG	9.482532	-26.599234	0	T:62.0(8.17%),B:1355.4(2.95%),P:1e-11	Tpos:194.4,Tstd:97.9,Bpos:189.8,Bstd:100.9,StrandBias:-0.1,Multiplicity:1.02
0.065	0.055	0.842	0.038
0.059	0.829	0.066	0.046
0.040	0.848	0.060	0.052
0.074	0.827	0.032	0.067
0.077	0.025	0.834	0.064
0.061	0.042	0.865	0.032
0.063	0.072	0.827	0.038
0.840	0.047	0.054	0.059
0.084	0.086	0.794	0.036
0.047	0.028	0.834	0.091
0.797	0.070	0.050	0.083
0.046	0.067	0.868	0.019
>CTTAGACACGGG	7-CTTAGACACGGG	13.079034	-25.911430	0	T:8.0(1.05%),B:5.7(0.01%),P:1e-11	Tpos:186.2,Tstd:73.9,Bpos:135.8,Bstd:116.9,StrandBias:0.0,Multiplicity:1.00
0.001	0.997	0.001	0.001
0.001	0.319	0.001	0.679
0.001	0.164	0.001	0.834
0.670	0.001	0.001	0.328
0.001	0.001	0.997	0.001
0.997	0.001	0.001	0.001
0.001	0.997	0.001	0.001
0.997	0.001	0.001	0.001
0.001	0.834	0.164	0.001
0.301	0.001	0.697	0.001
0.001	0.001	0.997	0.001
0.328	0.001	0.670	0.001
>AGTTTCAGTTTC	8-AGTTTCAGTTTC	9.048025	-25.893810	0	T:50.0(6.59%),B:962.3(2.09%),P:1e-11	Tpos:196.1,Tstd:92.3,Bpos:187.8,Bstd:107.9,StrandBias:0.2,Multiplicity:1.24
0.736	0.108	0.101	0.055
0.055	0.070	0.874	0.001
0.036	0.048	0.108	0.808
0.001	0.001	0.001	0.997
0.109	0.054	0.069	0.768
0.045	0.695	0.190	0.070
0.730	0.001	0.046	0.223
0.072	0.068	0.732	0.128
0.054	0.001	0.078	0.867
0.001	0.020	0.001	0.978
0.001	0.118	0.001	0.880
0.040	0.786	0.070	0.104
>CGCGGCGGCTCA	9-CGCGGCGGCTCA	11.724618	-25.223043	0	T:17.0(2.24%),B:102.8(0.22%),P:1e-10	Tpos:213.8,Tstd:88.9,Bpos:215.8,Bstd:92.7,StrandBias:0.3,Multiplicity:1.06
0.001	0.997	0.001	0.001
0.001	0.079	0.919	0.001
0.001	0.997	0.001	0.001
0.001	0.103	0.825	0.071
0.001	0.063	0.935	0.001
0.140	0.858	0.001	0.001
0.001	0.001	0.882	0.116
0.019	0.103	0.877	0.001
0.001	0.997	0.001	0.001
0.001	0.001	0.057	0.941
0.001	0.928	0.070	0.001
0.843	0.070	0.086	0.001
>AKAAAAAGCCAC	10-AKAAAAAGCCAC	10.508504	-24.893077	0	T:19.0(2.50%),B:139.9(0.30%),P:1e-10	Tpos:209.4,Tstd:103.1,Bpos:160.3,Bstd:116.4,StrandBias:0.2,Multiplicity:1.00
0.650	0.178	0.001	0.171
0.203	0.114	0.278	0.405
0.540	0.182	0.277	0.001
0.997	0.001	0.001	0.001
0.935	0.063	0.001	0.001
0.702	0.166	0.001	0.131
0.696	0.001	0.001	0.302
0.072	0.255	0.672	0.001
0.001	0.876	0.122	0.001
0.001	0.927	0.071	0.001
0.950	0.001	0.001	0.048
0.181	0.463	0.233	0.123
>TCAATGCTGAGG	11-TCAATGCTGAGG	13.995180	-24.330740	0	T:8.0(1.05%),B:7.8(0.02%),P:1e-10	Tpos:211.4,Tstd:109.4,Bpos:140.1,Bstd:102.8,StrandBias:0.7,Multiplicity:1.00
0.001	0.161	0.161	0.677
0.193	0.805	0.001	0.001
0.997	0.001	0.001	0.001
0.838	0.160	0.001	0.001
0.001	0.001	0.001	0.997
0.160	0.001	0.838	0.001
0.001	0.997	0.001	0.001
0.001	0.001	0.001	0.997
0.001	0.001	0.997	0.001
0.997	0.001	0.001	0.001
0.001	0.001	0.997	0.001
0.001	0.001	0.997	0.001
>GCTCCCTCATGG	12-GCTCCCTCATGG	13.458901	-23.720295	0	T:9.0(1.19%),B:14.3(0.03%),P:1e-10	Tpos:171.2,Tstd:112.0,Bpos:169.0,Bstd:102.5,StrandBias:-0.3,Multiplicity:1.00
0.001	0.001	0.997	0.001
0.001	0.997	0.001	0.001
0.001	0.001	0.001	0.997
0.001	0.854	0.001	0.144
0.001	0.997	0.001	0.001
0.174	0.824	0.001	0.001
0.001	0.001	0.001	0.997
0.001	0.997	0.001	0.001
0.892	0.001	0.106	0.001
0.001	0.174	0.252	0.573
0.001	0.001	0.997	0.001
0.001	0.001	0.997	0.001
>CGGGGCTGCGCC	13-CGGGGCTGCGCC	12.463849	-23.568650	0	T:20.0(2.64%),B:171.5(0.37%),P:1e-10	Tpos:164.6,Tstd:85.6,Bpos:187.6,Bstd:85.2,StrandBias:0.6,Multiplicity:1.00
0.001	0.966	0.001	0.032
0.084	0.065	0.792	0.059
0.001	0.025	0.973	0.001
0.036	0.041	0.922	0.001
0.001	0.001	0.937	0.061
0.084	0.869	0.046	0.001
0.001	0.001	0.053	0.945
0.001	0.031	0.855	0.113
0.001	0.997	0.001	0.001
0.100	0.046	0.804	0.050
0.001	0.984	0.014	0.001
0.001	0.974	0.024	0.001
>AGAGCCGGGGAC	14-AGAGCCGGGGAC	12.188526	-23.554705	0	T:16.0(2.11%),B:98.3(0.21%),P:1e-10	Tpos:158.4,Tstd:100.1,Bpos:190.6,Bstd:119.6,StrandBias:0.7,Multiplicity:1.00
0.923	0.001	0.075	0.001
0.001	0.001	0.997	0.001
0.997	0.001	0.001	0.001
0.001	0.001	0.997	0.001
0.001	0.997	0.001	0.001
0.118	0.806	0.001	0.075
0.031	0.070	0.795	0.104
0.127	0.172	0.700	0.001
0.001	0.001	0.997	0.001
0.117	0.001	0.881	0.001
0.997	0.001	0.001	0.001
0.001	0.909	0.089	0.001
>CTGGTTGACAAA	15-CTGGTTGACAAA	13.414697	-22.833047	0	T:9.0(1.19%),B:16.4(0.04%),P:1e-9	Tpos:183.6,Tstd:78.0,Bpos:195.0,Bstd:90.3,StrandBias:1.0,Multiplicity:1.00
0.001	0.829	0.001	0.169
0.001	0.001	0.001	0.997
0.169	0.001	0.829	0.001
0.001	0.001	0.997	0.001
0.001	0.124	0.001	0.874
0.001	0.001	0.001	0.997
0.103	0.001	0.895	0.001
0.997	0.001	0.001	0.001
0.001	0.659	0.339	0.001
0.997	0.001	0.001	0.001
0.997	0.001	0.001	0.001
0.997	0.001	0.001	0.001
>CACCACCACCTG	16-CACCACCACCTG	12.888578	-21.946307	0	T:13.0(1.71%),B:64.0(0.14%),P:1e-9	Tpos:174.5,Tstd:105.4,Bpos:170.9,Bstd:94.8,StrandBias:1.2,Multiplicity:1.00
0.001	0.858	0.140	0.001
0.905	0.001	0.001	0.093
0.086	0.873	0.040	0.001
0.001	0.997	0.001	0.001
0.938	0.001	0.001	0.060
0.001	0.997	0.001	0.001
0.001	0.997	0.001	0.001
0.828	0.061	0.001	0.110
0.001	0.905	0.093	0.001
0.140	0.858	0.001	0.001
0.001	0.001	0.001	0.997
0.001	0.085	0.913	0.001
>AGAGGCTGGCTT	17-AGAGGCTGGCTT	12.720154	-21.776261	0	T:13.0(1.71%),B:64.8(0.14%),P:1e-9	Tpos:208.3,Tstd:83.3,Bpos:150.7,Bstd:112.4,StrandBias:-0.2,Multiplicity:1.00
0.894	0.104	0.001	0.001
0.104	0.092	0.803	0.001
0.997	0.001	0.001	0.001
0.001	0.001	0.997	0.001
0.054	0.092	0.853	0.001
0.001	0.894	0.104	0.001
0.125	0.001	0.001	0.873
0.001	0.001	0.997	0.001
0.032	0.039	0.928	0.001
0.001	0.939	0.059	0.001
0.001	0.001	0.051	0.947
0.001	0.001	0.051	0.947
>TGCGATTGTTTG	18-TGCGATTGTTTG	13.232796	-20.614970	0	T:5.0(0.66%),B:0.0(0.00%),P:1e-8	Tpos:216.0,Tstd:76.0,Bpos:0.0,Bstd:0.0,StrandBias:0.6,Multiplicity:1.00
0.001	0.001	0.006	0.992
0.001	0.001	0.997	0.001
0.001	0.569	0.125	0.305
0.007	0.007	0.866	0.120
0.997	0.001	0.001	0.001
0.152	0.160	0.001	0.687
0.001	0.001	0.264	0.734
0.001	0.087	0.905	0.007
0.153	0.153	0.006	0.688
0.001	0.001	0.001	0.997
0.001	0.001	0.001	0.997
0.001	0.001	0.992	0.006
>AAGAAACCACTG	19-AAGAAACCACTG	12.003117	-20.395624	0	T:12.0(1.58%),B:58.8(0.13%),P:1e-8	Tpos:200.8,Tstd:85.1,Bpos:195.1,Bstd:90.4,StrandBias:1.0,Multiplicity:1.00
0.839	0.159	0.001	0.001
0.839	0.001	0.159	0.001
0.001	0.001	0.997	0.001
0.997	0.001	0.001	0.001
0.748	0.025	0.226	0.001
0.997	0.001	0.001	0.001
0.030	0.968	0.001	0.001
0.001	0.997	0.001	0.001
0.997	0.001	0.001	0.001
0.030	0.968	0.001	0.001
0.001	0.350	0.001	0.648
0.001	0.001	0.997	0.001
>ATGGCATCTTTG	20-ATGGCATCTTTG	8.991640	-20.338167	0	T:20.0(2.64%),B:210.0(0.46%),P:1e-8	Tpos:187.5,Tstd:104.9,Bpos:177.2,Bstd:102.8,StrandBias:0.0,Multiplicity:1.00
0.583	0.415	0.001	0.001
0.003	0.412	0.001	0.584
0.031	0.015	0.953	0.001
0.001	0.001	0.997	0.001
0.219	0.769	0.011	0.001
0.837	0.161	0.001	0.001
0.220	0.126	0.220	0.435
0.001	0.997	0.001	0.001
0.001	0.001	0.001	0.997
0.015	0.018	0.001	0.966
0.001	0.001	0.001	0.997
0.001	0.001	0.997	0.001
>RGAGCGCTCAGC	21-RGAGCGCTCAGC	9.701836	-20.234817	0	T:16.0(2.11%),B:126.4(0.27%),P:1e-8	Tpos:158.7,Tstd:91.6,Bpos:207.6,Bstd:103.2,StrandBias:-0.7,Multiplicity:1.00
0.539	0.001	0.459	0.001
0.001	0.001	0.997	0.001
0.997	0.001	0.001	0.001
0.001	0.001	0.997	0.001
0.001	0.997	0.001	0.001
0.001	0.001	0.997	0.001
0.001	0.997	0.001	0.001
0.357	0.001	0.001	0.641
0.001	0.997	0.001	0.001
0.817	0.143	0.039	0.001
0.001	0.133	0.865	0.001
0.001	0.997	0.001	0.001
>TCCTACTGAAGT	22-TCCTACTGAAGT	14.550542	-20.213919	0	T:7.0(0.92%),B:8.9(0.02%),P:1e-8	Tpos:129.4,Tstd:132.3,Bpos:261.5,Bstd:82.8,StrandBias:0.4,Multiplicity:1.00
0.001	0.001	0.001	0.997
0.001	0.997	0.001	0.001
0.001	0.997	0.001	0.001
0.001	0.298	0.001	0.700
0.597	0.219	0.001	0.183
0.001	0.997	0.001	0.001
0.001	0.001	0.001	0.997
0.001	0.001	0.997	0.001
0.997	0.001	0.001	0.001
0.997	0.001	0.001	0.001
0.001	0.001	0.997	0.001
0.001	0.001	0.001	0.997
>TCCCGCCCAAGA	23-TCCCGCCCAAGA	13.045930	-19.558612	0	T:11.0(1.45%),B:49.9(0.11%),P:1e-8	Tpos:188.8,Tstd:115.9,Bpos:157.4,Bstd:84.2,StrandBias:0.8,Multiplicity:1.00
0.001	0.001	0.001	0.997
0.001	0.837	0.161	0.001
0.001	0.997	0.001	0.001
0.086	0.794	0.001	0.119
0.001	0.001	0.864	0.134
0.001	0.997	0.001	0.001
0.001	0.997	0.001	0.001
0.098	0.900	0.001	0.001
0.997	0.001	0.001	0.001
0.841	0.099	0.059	0.001
0.001	0.001	0.997	0.001
0.922	0.076	0.001	0.001
>CTAGTAGATTAG	24-CTAGTAGATTAG	7.540126	-19.441498	0	T:38.0(5.01%),B:747.7(1.63%),P:1e-8	Tpos:195.8,Tstd:94.4,Bpos:179.4,Bstd:95.1,StrandBias:-0.5,Multiplicity:1.06
0.092	0.780	0.048	0.080
0.088	0.051	0.090	0.771
0.702	0.001	0.117	0.180
0.052	0.072	0.744	0.132
0.064	0.076	0.189	0.671
0.730	0.033	0.121	0.116
0.051	0.001	0.833	0.115
0.733	0.081	0.066	0.120
0.081	0.033	0.033	0.853
0.154	0.051	0.132	0.663
0.698	0.051	0.150	0.101
0.032	0.073	0.825	0.070
>TCCCAATCGATC	25-TCCCAATCGATC	9.528678	-16.630209	0	T:5.0(0.66%),B:4.0(0.01%),P:1e-7	Tpos:252.2,Tstd:75.9,Bpos:210.2,Bstd:75.0,StrandBias:0.7,Multiplicity:1.00
0.001	0.001	0.001	0.997
0.001	0.997	0.001	0.001
0.001	0.960	0.038	0.001
0.078	0.803	0.118	0.001
0.803	0.001	0.195	0.001
0.997	0.001	0.001	0.001
0.001	0.001	0.001	0.997
0.001	0.960	0.001	0.038
0.001	0.001	0.997	0.001
0.997	0.001	0.001	0.001
0.001	0.001	0.001	0.997
0.001	0.997	0.001	0.001
