>GGGAAWTTCCCH	1-GGGAAWTTCCCH	8.542167	-60.123422	0	T:78.0(10.05%),B:1028.2(2.24%),P:1e-26	Tpos:198.2,Tstd:95.7,Bpos:178.5,Bstd:95.4,StrandBias:-0.2,Multiplicity:1.08
0.081	0.088	0.718	0.113
0.059	0.001	0.911	0.029
0.102	0.001	0.896	0.001
0.811	0.001	0.159	0.029
0.738	0.163	0.098	0.001
0.496	0.001	0.053	0.450
0.069	0.068	0.145	0.718
0.088	0.218	0.054	0.640
0.001	0.997	0.001	0.001
0.001	0.940	0.001	0.058
0.161	0.576	0.060	0.203
0.270	0.291	0.130	0.308
>GCCTTGGCAAAG	2-GCCTTGGCAAAG	8.416697	-31.917386	0	T:78.0(10.05%),B:1712.2(3.72%),P:1e-13	Tpos:168.1,Tstd:99.3,Bpos:179.3,Bstd:106.2,StrandBias:-0.3,Multiplicity:1.05
0.024	0.047	0.623	0.306
0.001	0.633	0.058	0.308
0.131	0.844	0.024	0.001
0.029	0.275	0.102	0.594
0.001	0.097	0.079	0.823
0.001	0.019	0.704	0.276
0.068	0.024	0.864	0.044
0.213	0.597	0.161	0.029
0.671	0.261	0.044	0.024
0.856	0.015	0.128	0.001
0.897	0.016	0.063	0.024
0.048	0.001	0.940	0.011
>CTTTTAGATTAG	3-CTTTTAGATTAG	9.384437	-31.511520	0	T:28.0(3.61%),B:243.3(0.53%),P:1e-13	Tpos:172.7,Tstd:94.5,Bpos:163.0,Bstd:106.7,StrandBias:-0.1,Multiplicity:1.04
0.001	0.997	0.001	0.001
0.251	0.001	0.001	0.747
0.322	0.001	0.001	0.676
0.124	0.083	0.261	0.532
0.001	0.331	0.069	0.599
0.746	0.001	0.083	0.170
0.001	0.001	0.754	0.244
0.745	0.001	0.001	0.253
0.001	0.001	0.001	0.997
0.312	0.001	0.180	0.507
0.856	0.001	0.001	0.142
0.155	0.076	0.735	0.034
>CAAATGGTTTCT	4-CAAATGGTTTCT	12.081342	-29.481856	0	T:12.0(1.55%),B:22.1(0.05%),P:1e-12	Tpos:103.0,Tstd:87.6,Bpos:154.7,Bstd:85.0,StrandBias:0.0,Multiplicity:1.00
0.001	0.852	0.146	0.001
0.997	0.001	0.001	0.001
0.997	0.001	0.001	0.001
0.997	0.001	0.001	0.001
0.001	0.001	0.001	0.997
0.001	0.001	0.997	0.001
0.147	0.001	0.755	0.097
0.001	0.146	0.001	0.852
0.001	0.107	0.001	0.891
0.001	0.121	0.001	0.877
0.146	0.852	0.001	0.001
0.001	0.001	0.001	0.997
>GTTCCAACGCCC	5-GTTCCAACGCCC	10.498376	-28.117029	0	T:24.0(3.09%),B:199.9(0.43%),P:1e-12	Tpos:161.9,Tstd:90.1,Bpos:164.0,Bstd:95.5,StrandBias:-0.2,Multiplicity:1.00
0.073	0.001	0.746	0.180
0.001	0.201	0.198	0.600
0.084	0.001	0.097	0.818
0.084	0.595	0.320	0.001
0.001	0.997	0.001	0.001
0.894	0.104	0.001	0.001
0.786	0.144	0.069	0.001
0.001	0.997	0.001	0.001
0.084	0.087	0.556	0.273
0.001	0.747	0.001	0.251
0.001	0.997	0.001	0.001
0.001	0.997	0.001	0.001
>CTTGGAAGCTTC	6-CTTGGAAGCTTC	13.585878	-27.764525	0	T:8.0(1.03%),B:3.2(0.01%),P:1e-12	Tpos:212.5,Tstd:76.4,Bpos:157.7,Bstd:97.0,StrandBias:0.7,Multiplicity:1.00
0.001	0.997	0.001	0.001
0.001	0.001	0.001	0.997
0.001	0.001	0.001	0.997
0.140	0.001	0.719	0.140
0.001	0.001	0.997	0.001
0.997	0.001	0.001	0.001
0.997	0.001	0.001	0.001
0.001	0.001	0.859	0.139
0.066	0.793	0.001	0.140
0.001	0.001	0.001	0.997
0.001	0.001	0.115	0.883
0.001	0.859	0.001	0.139
>AGTTTCAGTTTC	7-AGTTTCAGTTTC	9.049886	-26.734464	0	T:52.0(6.70%),B:982.4(2.14%),P:1e-11	Tpos:197.8,Tstd:91.4,Bpos:186.6,Bstd:107.8,StrandBias:0.2,Multiplicity:1.23
0.745	0.104	0.098	0.053
0.085	0.068	0.846	0.001
0.035	0.078	0.104	0.783
0.001	0.001	0.001	0.997
0.105	0.052	0.067	0.776
0.043	0.706	0.183	0.068
0.738	0.001	0.045	0.216
0.070	0.066	0.741	0.123
0.052	0.001	0.075	0.872
0.001	0.020	0.001	0.978
0.001	0.114	0.001	0.884
0.038	0.794	0.068	0.100
>CCCGGGAGGAGG	8-CCCGGGAGGAGG	9.442871	-26.483430	0	T:99.0(12.76%),B:2747.2(5.97%),P:1e-11	Tpos:170.0,Tstd:101.0,Bpos:189.4,Bstd:99.9,StrandBias:0.1,Multiplicity:1.13
0.081	0.756	0.050	0.113
0.068	0.738	0.072	0.122
0.066	0.888	0.025	0.021
0.032	0.052	0.839	0.077
0.037	0.008	0.954	0.001
0.001	0.060	0.889	0.050
0.882	0.050	0.058	0.010
0.021	0.057	0.841	0.081
0.001	0.079	0.839	0.081
0.696	0.124	0.106	0.074
0.108	0.077	0.806	0.009
0.077	0.033	0.874	0.016
>CACCCCGTGGAC	9-CACCCCGTGGAC	13.264995	-25.650385	0	T:9.0(1.16%),B:10.4(0.02%),P:1e-11	Tpos:167.9,Tstd:77.9,Bpos:180.1,Bstd:68.5,StrandBias:1.0,Multiplicity:1.00
0.001	0.997	0.001	0.001
0.862	0.001	0.136	0.001
0.001	0.862	0.136	0.001
0.001	0.997	0.001	0.001
0.001	0.725	0.137	0.137
0.001	0.997	0.001	0.001
0.136	0.001	0.862	0.001
0.001	0.090	0.001	0.908
0.001	0.001	0.997	0.001
0.001	0.001	0.997	0.001
0.915	0.083	0.001	0.001
0.001	0.997	0.001	0.001
>CGCGGCGGCTCA	10-CGCGGCGGCTCA	11.699164	-24.887169	0	T:17.0(2.19%),B:102.6(0.22%),P:1e-10	Tpos:213.8,Tstd:88.9,Bpos:215.5,Bstd:92.7,StrandBias:0.3,Multiplicity:1.06
0.001	0.997	0.001	0.001
0.001	0.078	0.920	0.001
0.001	0.997	0.001	0.001
0.001	0.102	0.827	0.070
0.001	0.062	0.936	0.001
0.138	0.860	0.001	0.001
0.001	0.001	0.883	0.115
0.019	0.102	0.878	0.001
0.001	0.997	0.001	0.001
0.001	0.001	0.056	0.942
0.001	0.925	0.073	0.001
0.838	0.069	0.092	0.001
>ATAAAAAGCCAC	11-ATAAAAAGCCAC	12.145727	-24.859016	0	T:14.0(1.80%),B:59.5(0.13%),P:1e-10	Tpos:208.4,Tstd:97.9,Bpos:163.4,Bstd:115.4,StrandBias:0.8,Multiplicity:1.00
0.811	0.094	0.001	0.094
0.194	0.052	0.270	0.484
0.765	0.001	0.233	0.001
0.997	0.001	0.001	0.001
0.997	0.001	0.001	0.001
0.923	0.075	0.001	0.001
0.904	0.001	0.001	0.094
0.114	0.170	0.715	0.001
0.001	0.997	0.001	0.001
0.001	0.997	0.001	0.001
0.997	0.001	0.001	0.001
0.057	0.631	0.198	0.114
>TCAATGCTGAGG	12-TCAATGCTGAGG	13.995180	-24.159744	0	T:8.0(1.03%),B:7.9(0.02%),P:1e-10	Tpos:211.4,Tstd:109.4,Bpos:138.9,Bstd:101.9,StrandBias:0.7,Multiplicity:1.00
0.001	0.161	0.161	0.677
0.193	0.805	0.001	0.001
0.997	0.001	0.001	0.001
0.838	0.160	0.001	0.001
0.001	0.001	0.001	0.997
0.160	0.001	0.838	0.001
0.001	0.997	0.001	0.001
0.001	0.001	0.001	0.997
0.001	0.001	0.997	0.001
0.997	0.001	0.001	0.001
0.001	0.001	0.997	0.001
0.001	0.001	0.997	0.001
>AGAGCCGGGGAC	13-AGAGCCGGGGAC	12.448464	-23.747509	0	T:13.0(1.68%),B:52.5(0.11%),P:1e-10	Tpos:151.6,Tstd:96.6,Bpos:184.8,Bstd:134.7,StrandBias:1.2,Multiplicity:1.00
0.997	0.001	0.001	0.001
0.001	0.001	0.997	0.001
0.997	0.001	0.001	0.001
0.001	0.001	0.997	0.001
0.001	0.997	0.001	0.001
0.152	0.846	0.001	0.001
0.040	0.001	0.832	0.127
0.164	0.222	0.613	0.001
0.001	0.001	0.997	0.001
0.152	0.001	0.846	0.001
0.997	0.001	0.001	0.001
0.001	0.884	0.114	0.001
>GCTCCCTCATGG	14-GCTCCCTCATGG	13.457154	-23.529799	0	T:9.0(1.16%),B:14.2(0.03%),P:1e-10	Tpos:171.2,Tstd:112.0,Bpos:170.9,Bstd:100.4,StrandBias:-0.3,Multiplicity:1.00
0.001	0.001	0.997	0.001
0.001	0.997	0.001	0.001
0.001	0.001	0.001	0.997
0.001	0.854	0.001	0.144
0.001	0.997	0.001	0.001
0.174	0.824	0.001	0.001
0.001	0.001	0.001	0.997
0.001	0.997	0.001	0.001
0.892	0.001	0.106	0.001
0.001	0.175	0.252	0.572
0.001	0.001	0.997	0.001
0.001	0.001	0.997	0.001
>AGAGGCTGGCTT	15-AGAGGCTGGCTT	12.548501	-23.294679	0	T:15.0(1.93%),B:82.6(0.18%),P:1e-10	Tpos:199.5,Tstd:88.0,Bpos:138.1,Bstd:112.4,StrandBias:-0.2,Multiplicity:1.00
0.895	0.103	0.001	0.001
0.104	0.092	0.803	0.001
0.997	0.001	0.001	0.001
0.001	0.001	0.997	0.001
0.054	0.092	0.853	0.001
0.001	0.895	0.103	0.001
0.125	0.001	0.001	0.873
0.001	0.001	0.997	0.001
0.033	0.042	0.924	0.001
0.001	0.939	0.059	0.001
0.001	0.001	0.051	0.947
0.001	0.001	0.051	0.947
>CTGGTTGACAAA	16-CTGGTTGACAAA	13.414697	-22.643195	0	T:9.0(1.16%),B:16.4(0.04%),P:1e-9	Tpos:183.6,Tstd:78.0,Bpos:194.7,Bstd:90.2,StrandBias:1.0,Multiplicity:1.00
0.001	0.829	0.001	0.169
0.001	0.001	0.001	0.997
0.169	0.001	0.829	0.001
0.001	0.001	0.997	0.001
0.001	0.124	0.001	0.874
0.001	0.001	0.001	0.997
0.103	0.001	0.895	0.001
0.997	0.001	0.001	0.001
0.001	0.659	0.339	0.001
0.997	0.001	0.001	0.001
0.997	0.001	0.001	0.001
0.997	0.001	0.001	0.001
>CTTAGACACGGG	17-CTTAGACACGGG	13.862012	-21.308343	0	T:6.0(0.77%),B:2.0(0.00%),P:1e-9	Tpos:159.7,Tstd:70.3,Bpos:44.1,Bstd:14.7,StrandBias:0.0,Multiplicity:1.00
0.001	0.997	0.001	0.001
0.001	0.142	0.001	0.856
0.171	0.171	0.001	0.657
0.828	0.001	0.170	0.001
0.001	0.001	0.997	0.001
0.997	0.001	0.001	0.001
0.001	0.997	0.001	0.001
0.997	0.001	0.001	0.001
0.001	0.828	0.170	0.001
0.001	0.001	0.997	0.001
0.001	0.001	0.997	0.001
0.001	0.001	0.997	0.001
>CTCCTCGCTGCG	18-CTCCTCGCTGCG	12.774664	-20.861498	0	T:13.0(1.68%),B:68.2(0.15%),P:1e-9	Tpos:197.3,Tstd:101.6,Bpos:196.6,Bstd:91.2,StrandBias:0.8,Multiplicity:1.08
0.001	0.894	0.001	0.104
0.131	0.001	0.001	0.867
0.001	0.927	0.071	0.001
0.001	0.997	0.001	0.001
0.001	0.052	0.001	0.946
0.001	0.909	0.089	0.001
0.001	0.074	0.924	0.001
0.131	0.867	0.001	0.001
0.097	0.048	0.001	0.854
0.104	0.001	0.894	0.001
0.001	0.997	0.001	0.001
0.001	0.001	0.997	0.001
>AMTGCCAACMAM	19-AMTGCCAACMAM	7.771699	-20.541723	0	T:106.0(13.66%),B:3381.5(7.35%),P:1e-8	Tpos:185.2,Tstd:104.0,Bpos:184.5,Bstd:105.3,StrandBias:0.0,Multiplicity:1.12
0.563	0.092	0.001	0.344
0.325	0.447	0.151	0.077
0.157	0.001	0.001	0.841
0.362	0.001	0.636	0.001
0.001	0.779	0.219	0.001
0.024	0.974	0.001	0.001
0.997	0.001	0.001	0.001
0.567	0.057	0.375	0.001
0.209	0.384	0.194	0.214
0.542	0.456	0.001	0.001
0.706	0.292	0.001	0.001
0.417	0.450	0.133	0.001
>TGCGATTGTTTG	20-TGCGATTGTTTG	13.232796	-20.506921	0	T:5.0(0.64%),B:0.0(0.00%),P:1e-8	Tpos:216.0,Tstd:76.0,Bpos:0.0,Bstd:0.0,StrandBias:0.6,Multiplicity:1.00
0.001	0.001	0.006	0.992
0.001	0.001	0.997	0.001
0.001	0.569	0.125	0.305
0.007	0.007	0.866	0.120
0.997	0.001	0.001	0.001
0.152	0.161	0.001	0.686
0.001	0.001	0.264	0.734
0.001	0.087	0.905	0.007
0.153	0.153	0.006	0.688
0.001	0.001	0.001	0.997
0.001	0.001	0.001	0.997
0.001	0.001	0.992	0.006
>TCCTACTGAAGT	21-TCCTACTGAAGT	14.550542	-20.064956	0	T:7.0(0.90%),B:8.9(0.02%),P:1e-8	Tpos:129.4,Tstd:132.3,Bpos:261.0,Bstd:83.3,StrandBias:0.4,Multiplicity:1.00
0.001	0.001	0.001	0.997
0.001	0.997	0.001	0.001
0.001	0.997	0.001	0.001
0.001	0.298	0.001	0.700
0.597	0.219	0.001	0.183
0.001	0.997	0.001	0.001
0.001	0.001	0.001	0.997
0.001	0.001	0.997	0.001
0.997	0.001	0.001	0.001
0.997	0.001	0.001	0.001
0.001	0.001	0.997	0.001
0.001	0.001	0.001	0.997
>TCCCGCCCAAGA	22-TCCCGCCCAAGA	13.045930	-19.336000	0	T:11.0(1.42%),B:49.8(0.11%),P:1e-8	Tpos:188.8,Tstd:115.9,Bpos:157.2,Bstd:84.3,StrandBias:0.8,Multiplicity:1.00
0.001	0.001	0.001	0.997
0.001	0.837	0.161	0.001
0.001	0.997	0.001	0.001
0.086	0.794	0.001	0.119
0.001	0.001	0.864	0.134
0.001	0.997	0.001	0.001
0.001	0.997	0.001	0.001
0.098	0.900	0.001	0.001
0.997	0.001	0.001	0.001
0.841	0.099	0.059	0.001
0.001	0.001	0.997	0.001
0.922	0.076	0.001	0.001
>GGAGCGCWCCSC	23-GGAGCGCWCCSC	11.463457	-18.757175	0	T:18.0(2.32%),B:180.8(0.39%),P:1e-8	Tpos:156.9,Tstd:91.5,Bpos:204.8,Bstd:102.2,StrandBias:0.0,Multiplicity:1.06
0.169	0.125	0.666	0.040
0.001	0.001	0.997	0.001
0.633	0.050	0.100	0.217
0.001	0.001	0.997	0.001
0.043	0.928	0.028	0.001
0.001	0.005	0.993	0.001
0.001	0.948	0.050	0.001
0.391	0.031	0.064	0.514
0.001	0.916	0.001	0.082
0.114	0.586	0.299	0.001
0.001	0.444	0.471	0.083
0.001	0.921	0.001	0.077
>GCCCGGCCGGCA	24-GCCCGGCCGGCA	11.496737	-18.059918	0	T:18.0(2.32%),B:189.7(0.41%),P:1e-7	Tpos:189.2,Tstd:97.2,Bpos:202.1,Bstd:108.8,StrandBias:-0.8,Multiplicity:1.06
0.001	0.084	0.807	0.108
0.001	0.997	0.001	0.001
0.001	0.949	0.049	0.001
0.001	0.891	0.107	0.001
0.001	0.001	0.997	0.001
0.001	0.088	0.910	0.001
0.001	0.910	0.088	0.001
0.084	0.807	0.001	0.108
0.001	0.068	0.930	0.001
0.001	0.047	0.951	0.001
0.001	0.997	0.001	0.001
0.913	0.001	0.041	0.045
>TCCCAATCGATC	25-TCCCAATCGATC	9.533793	-16.523056	0	T:5.0(0.64%),B:4.0(0.01%),P:1e-7	Tpos:252.2,Tstd:75.9,Bpos:210.5,Bstd:75.5,StrandBias:0.7,Multiplicity:1.00
0.001	0.001	0.001	0.997
0.001	0.997	0.001	0.001
0.001	0.960	0.038	0.001
0.079	0.802	0.118	0.001
0.802	0.001	0.196	0.001
0.997	0.001	0.001	0.001
0.001	0.001	0.001	0.997
0.001	0.960	0.001	0.038
0.001	0.001	0.997	0.001
0.997	0.001	0.001	0.001
0.001	0.001	0.001	0.997
0.001	0.997	0.001	0.001
