>GGGAATTTCC	1-GGGAATTTCC	7.430690	-60.521383	0	T:83.0(10.70%),B:1156.3(2.51%),P:1e-26	Tpos:204.1,Tstd:93.9,Bpos:179.6,Bstd:101.4,StrandBias:-0.0,Multiplicity:1.06
0.009	0.028	0.909	0.054
0.001	0.023	0.975	0.001
0.001	0.001	0.980	0.018
0.939	0.001	0.059	0.001
0.826	0.106	0.017	0.051
0.289	0.007	0.001	0.703
0.025	0.001	0.017	0.957
0.029	0.014	0.001	0.956
0.001	0.997	0.001	0.001
0.026	0.960	0.001	0.013
>ACCCGGGAGG	2-ACCCGGGAGG	9.520699	-27.528663	0	T:78.0(10.05%),B:1874.0(4.07%),P:1e-11	Tpos:180.1,Tstd:96.5,Bpos:182.3,Bstd:103.4,StrandBias:0.2,Multiplicity:1.05
0.726	0.049	0.224	0.001
0.001	0.893	0.105	0.001
0.112	0.814	0.001	0.073
0.054	0.896	0.001	0.049
0.039	0.001	0.959	0.001
0.001	0.001	0.997	0.001
0.001	0.001	0.997	0.001
0.997	0.001	0.001	0.001
0.001	0.001	0.871	0.127
0.001	0.045	0.916	0.038
>ATGACTAATC	3-ATGACTAATC	9.815589	-27.092230	0	T:19.0(2.45%),B:118.8(0.26%),P:1e-11	Tpos:153.2,Tstd:105.4,Bpos:180.6,Bstd:99.0,StrandBias:-1.0,Multiplicity:1.11
0.722	0.108	0.169	0.001
0.001	0.001	0.001	0.997
0.001	0.119	0.879	0.001
0.997	0.001	0.001	0.001
0.001	0.822	0.001	0.176
0.001	0.001	0.001	0.997
0.925	0.073	0.001	0.001
0.890	0.108	0.001	0.001
0.001	0.001	0.061	0.937
0.001	0.874	0.064	0.061
>GAGTTGGAAM	4-GAGTTGGAAM	8.105358	-26.936109	0	T:48.0(6.19%),B:849.1(1.85%),P:1e-11	Tpos:166.1,Tstd:87.0,Bpos:159.7,Bstd:103.0,StrandBias:-0.5,Multiplicity:1.04
0.001	0.001	0.997	0.001
0.997	0.001	0.001	0.001
0.280	0.001	0.490	0.229
0.001	0.001	0.093	0.905
0.242	0.001	0.001	0.756
0.247	0.001	0.751	0.001
0.001	0.190	0.538	0.271
0.471	0.280	0.001	0.248
0.545	0.233	0.001	0.221
0.406	0.350	0.243	0.001
>TGGTCTCTAA	5-TGGTCTCTAA	8.326561	-26.798393	0	T:49.0(6.31%),B:884.7(1.92%),P:1e-11	Tpos:171.0,Tstd:105.1,Bpos:156.1,Bstd:102.7,StrandBias:-0.3,Multiplicity:1.00
0.001	0.001	0.001	0.997
0.001	0.001	0.869	0.129
0.003	0.001	0.926	0.070
0.001	0.052	0.196	0.751
0.001	0.824	0.001	0.174
0.001	0.127	0.083	0.789
0.139	0.744	0.001	0.116
0.119	0.001	0.057	0.823
0.660	0.028	0.001	0.311
0.631	0.044	0.142	0.183
>ATTTCCTAAH	6-ATTTCCTAAH	7.164719	-26.640060	0	T:89.0(11.47%),B:2336.3(5.08%),P:1e-11	Tpos:159.7,Tstd:89.9,Bpos:148.3,Bstd:97.2,StrandBias:-0.1,Multiplicity:1.10
0.694	0.018	0.247	0.041
0.092	0.055	0.001	0.852
0.054	0.105	0.072	0.769
0.145	0.043	0.056	0.756
0.173	0.599	0.199	0.029
0.221	0.718	0.023	0.038
0.175	0.178	0.008	0.639
0.887	0.046	0.035	0.032
0.825	0.028	0.039	0.108
0.280	0.322	0.061	0.338
>AGTGACTCAA	7-AGTGACTCAA	6.698225	-25.365467	0	T:126.0(16.24%),B:3962.2(8.61%),P:1e-11	Tpos:175.1,Tstd:96.2,Bpos:175.4,Bstd:101.8,StrandBias:-0.3,Multiplicity:1.09
0.841	0.041	0.073	0.045
0.105	0.087	0.698	0.110
0.090	0.007	0.057	0.846
0.078	0.044	0.811	0.067
0.835	0.050	0.041	0.074
0.083	0.759	0.058	0.100
0.062	0.069	0.048	0.821
0.107	0.819	0.047	0.027
0.811	0.066	0.084	0.039
0.765	0.093	0.053	0.089
>GTATCTGTCA	8-GTATCTGTCA	8.627069	-25.344784	0	T:33.0(4.25%),B:447.5(0.97%),P:1e-11	Tpos:138.2,Tstd:89.5,Bpos:165.4,Bstd:104.8,StrandBias:-0.2,Multiplicity:1.03
0.083	0.132	0.784	0.001
0.160	0.001	0.087	0.752
0.914	0.001	0.084	0.001
0.001	0.001	0.087	0.911
0.088	0.797	0.001	0.114
0.001	0.001	0.001	0.997
0.001	0.001	0.815	0.183
0.001	0.060	0.135	0.804
0.109	0.889	0.001	0.001
0.997	0.001	0.001	0.001
>GAAACTCAAA	9-GAAACTCAAA	9.825117	-24.803839	0	T:31.0(3.99%),B:404.9(0.88%),P:1e-10	Tpos:184.0,Tstd:105.3,Bpos:159.9,Bstd:106.9,StrandBias:-0.4,Multiplicity:1.06
0.077	0.001	0.921	0.001
0.733	0.001	0.265	0.001
0.997	0.001	0.001	0.001
0.895	0.103	0.001	0.001
0.233	0.765	0.001	0.001
0.001	0.001	0.001	0.997
0.156	0.529	0.210	0.105
0.532	0.093	0.001	0.374
0.993	0.005	0.001	0.001
0.692	0.001	0.216	0.091
>TTATAAACAC	10-TTATAAACAC	8.604580	-24.442200	0	T:34.0(4.38%),B:491.4(1.07%),P:1e-10	Tpos:168.4,Tstd:100.0,Bpos:168.4,Bstd:101.0,StrandBias:-0.8,Multiplicity:1.12
0.001	0.015	0.035	0.949
0.001	0.023	0.001	0.975
0.960	0.001	0.038	0.001
0.051	0.085	0.108	0.756
0.960	0.001	0.038	0.001
0.753	0.071	0.001	0.175
0.584	0.184	0.042	0.190
0.120	0.653	0.112	0.115
0.804	0.002	0.065	0.129
0.050	0.948	0.001	0.001
>GCCTTTTATG	11-GCCTTTTATG	8.777325	-24.285858	0	T:35.0(4.51%),B:522.4(1.14%),P:1e-10	Tpos:190.7,Tstd:91.0,Bpos:187.6,Bstd:102.2,StrandBias:-1.6,Multiplicity:1.06
0.001	0.154	0.773	0.072
0.001	0.806	0.040	0.153
0.001	0.874	0.046	0.079
0.001	0.041	0.001	0.957
0.001	0.001	0.001	0.997
0.069	0.001	0.001	0.929
0.001	0.001	0.001	0.997
0.954	0.044	0.001	0.001
0.141	0.001	0.001	0.857
0.021	0.029	0.873	0.077
>CCTGGCAGAG	12-CCTGGCAGAG	8.503655	-23.891527	0	T:56.0(7.22%),B:1204.3(2.62%),P:1e-10	Tpos:198.3,Tstd:92.2,Bpos:180.3,Bstd:111.1,StrandBias:0.2,Multiplicity:1.00
0.062	0.752	0.024	0.162
0.124	0.655	0.189	0.032
0.015	0.101	0.195	0.689
0.229	0.093	0.598	0.080
0.126	0.114	0.615	0.145
0.024	0.666	0.189	0.121
0.781	0.102	0.064	0.053
0.076	0.016	0.809	0.099
0.845	0.006	0.016	0.133
0.106	0.108	0.747	0.039
>AGTTGCAGGA	13-AGTTGCAGGA	9.542674	-22.640653	0	T:32.0(4.12%),B:471.3(1.02%),P:1e-9	Tpos:165.0,Tstd:88.9,Bpos:178.0,Bstd:103.4,StrandBias:-0.2,Multiplicity:1.00
0.997	0.001	0.001	0.001
0.001	0.001	0.956	0.042
0.028	0.068	0.103	0.801
0.042	0.001	0.001	0.956
0.001	0.081	0.739	0.179
0.042	0.956	0.001	0.001
0.878	0.037	0.048	0.037
0.047	0.096	0.820	0.037
0.001	0.030	0.968	0.001
0.961	0.001	0.001	0.037
>TGGCTTTTTG	14-TGGCTTTTTG	7.405960	-21.846351	0	T:73.0(9.41%),B:1921.2(4.18%),P:1e-9	Tpos:169.6,Tstd:109.2,Bpos:167.3,Bstd:107.1,StrandBias:0.1,Multiplicity:1.07
0.062	0.058	0.083	0.797
0.022	0.074	0.874	0.030
0.114	0.066	0.784	0.036
0.070	0.822	0.061	0.047
0.129	0.130	0.046	0.695
0.090	0.034	0.065	0.811
0.102	0.058	0.034	0.806
0.059	0.046	0.041	0.854
0.151	0.075	0.060	0.714
0.068	0.026	0.849	0.057
>GGTTTAAAAT	15-GGTTTAAAAT	8.198875	-20.806512	0	T:33.0(4.25%),B:539.6(1.17%),P:1e-9	Tpos:164.8,Tstd:104.1,Bpos:157.1,Bstd:99.2,StrandBias:0.4,Multiplicity:1.00
0.001	0.001	0.982	0.016
0.025	0.031	0.943	0.001
0.001	0.044	0.001	0.954
0.041	0.053	0.068	0.838
0.030	0.001	0.033	0.936
0.925	0.001	0.048	0.026
0.821	0.001	0.067	0.111
0.886	0.001	0.060	0.053
0.887	0.001	0.111	0.001
0.013	0.033	0.038	0.916
>GTTTCTGTAT	16-GTTTCTGTAT	10.197222	-20.298487	0	T:22.0(2.84%),B:251.9(0.55%),P:1e-8	Tpos:217.5,Tstd:101.3,Bpos:183.9,Bstd:102.8,StrandBias:0.1,Multiplicity:1.14
0.032	0.001	0.966	0.001
0.001	0.001	0.070	0.928
0.001	0.147	0.044	0.808
0.001	0.001	0.049	0.949
0.001	0.997	0.001	0.001
0.067	0.001	0.001	0.931
0.001	0.028	0.970	0.001
0.001	0.028	0.001	0.970
0.594	0.184	0.060	0.162
0.001	0.001	0.001	0.997
>TAGAACAAAT	17-TAGAACAAAT	7.776221	-19.416362	0	T:24.0(3.09%),B:315.4(0.69%),P:1e-8	Tpos:161.2,Tstd:102.4,Bpos:151.9,Bstd:98.1,StrandBias:0.0,Multiplicity:1.08
0.165	0.021	0.135	0.679
0.860	0.020	0.056	0.064
0.170	0.036	0.572	0.222
0.706	0.033	0.202	0.059
0.543	0.230	0.182	0.045
0.223	0.521	0.137	0.119
0.681	0.199	0.077	0.043
0.664	0.238	0.043	0.055
0.646	0.043	0.277	0.034
0.272	0.051	0.044	0.633
>TCATCCTAGG	18-TCATCCTAGG	8.584265	-15.360031	0	T:26.0(3.35%),B:457.5(0.99%),P:1e-6	Tpos:147.9,Tstd:103.4,Bpos:168.8,Bstd:97.9,StrandBias:-0.4,Multiplicity:1.08
0.001	0.080	0.001	0.918
0.001	0.932	0.066	0.001
0.910	0.055	0.001	0.034
0.001	0.071	0.041	0.887
0.001	0.865	0.001	0.133
0.001	0.885	0.001	0.113
0.053	0.041	0.001	0.905
0.932	0.001	0.025	0.042
0.001	0.001	0.997	0.001
0.088	0.055	0.856	0.001
>CTGCTAAGAT	19-CTGCTAAGAT	7.313499	-15.103278	0	T:51.0(6.57%),B:1365.5(2.97%),P:1e-6	Tpos:175.8,Tstd:97.8,Bpos:170.7,Bstd:102.6,StrandBias:0.3,Multiplicity:1.09
0.055	0.784	0.075	0.086
0.138	0.044	0.101	0.717
0.111	0.044	0.781	0.064
0.001	0.945	0.024	0.030
0.023	0.069	0.101	0.807
0.918	0.026	0.001	0.055
0.615	0.077	0.171	0.137
0.001	0.099	0.783	0.117
0.837	0.048	0.001	0.114
0.086	0.001	0.082	0.831
>CAACTGGGAT	20-CAACTGGGAT	11.740331	-14.738503	0	T:8.0(1.03%),B:34.1(0.07%),P:1e-6	Tpos:194.2,Tstd:70.9,Bpos:176.6,Bstd:69.4,StrandBias:-0.7,Multiplicity:1.00
0.001	0.997	0.001	0.001
0.997	0.001	0.001	0.001
0.997	0.001	0.001	0.001
0.001	0.875	0.123	0.001
0.001	0.001	0.001	0.997
0.001	0.001	0.997	0.001
0.001	0.001	0.997	0.001
0.001	0.001	0.997	0.001
0.997	0.001	0.001	0.001
0.001	0.001	0.001	0.997
>CTTTCCTTCT	21-CTTTCCTTCT	8.467614	-14.214406	0	T:72.0(9.28%),B:2294.8(4.99%),P:1e-6	Tpos:167.6,Tstd:95.1,Bpos:165.8,Bstd:102.3,StrandBias:-0.2,Multiplicity:1.06
0.037	0.644	0.195	0.124
0.039	0.034	0.207	0.720
0.001	0.001	0.024	0.974
0.002	0.140	0.065	0.793
0.058	0.940	0.001	0.001
0.001	0.592	0.297	0.110
0.001	0.056	0.001	0.942
0.005	0.001	0.044	0.950
0.185	0.680	0.001	0.134
0.081	0.139	0.001	0.779
>GCCGCGGCGC	22-GCCGCGGCGC	10.013173	-13.580967	0	T:72.0(9.28%),B:2337.0(5.08%),P:1e-5	Tpos:201.9,Tstd:99.0,Bpos:215.3,Bstd:101.4,StrandBias:0.1,Multiplicity:1.23
0.001	0.001	0.964	0.034
0.133	0.774	0.092	0.001
0.049	0.754	0.196	0.001
0.001	0.044	0.954	0.001
0.001	0.973	0.025	0.001
0.001	0.140	0.831	0.028
0.001	0.001	0.997	0.001
0.001	0.997	0.001	0.001
0.100	0.025	0.828	0.047
0.001	0.917	0.081	0.001
>AGCGTTGGTC	23-AGCGTTGGTC	10.296193	-12.887507	0	T:4.0(0.52%),B:3.5(0.01%),P:1e-5	Tpos:179.2,Tstd:87.9,Bpos:105.4,Bstd:30.0,StrandBias:0.0,Multiplicity:1.00
0.700	0.100	0.100	0.100
0.100	0.100	0.700	0.100
0.100	0.700	0.100	0.100
0.100	0.100	0.700	0.100
0.100	0.100	0.100	0.700
0.100	0.100	0.100	0.700
0.100	0.100	0.700	0.100
0.100	0.100	0.700	0.100
0.100	0.100	0.100	0.700
0.100	0.700	0.100	0.100
>AGTGCACTTG	24-AGTGCACTTG	8.218599	-12.870946	0	T:26.0(3.35%),B:526.1(1.14%),P:1e-5	Tpos:178.3,Tstd:94.5,Bpos:170.2,Bstd:100.4,StrandBias:-0.2,Multiplicity:1.00
0.782	0.016	0.034	0.168
0.130	0.176	0.686	0.008
0.164	0.064	0.124	0.648
0.135	0.115	0.746	0.004
0.005	0.773	0.179	0.043
0.806	0.013	0.013	0.168
0.014	0.736	0.237	0.013
0.152	0.133	0.161	0.554
0.012	0.161	0.143	0.684
0.031	0.327	0.525	0.117
>GGGAAWTTCCCH	1-GGGAAWTTCCCH	8.542167	-60.123422	0	T:78.0(10.05%),B:1028.2(2.24%),P:1e-26	Tpos:198.2,Tstd:95.7,Bpos:178.5,Bstd:95.4,StrandBias:-0.2,Multiplicity:1.08
0.081	0.088	0.718	0.113
0.059	0.001	0.911	0.029
0.102	0.001	0.896	0.001
0.811	0.001	0.159	0.029
0.738	0.163	0.098	0.001
0.496	0.001	0.053	0.450
0.069	0.068	0.145	0.718
0.088	0.218	0.054	0.640
0.001	0.997	0.001	0.001
0.001	0.940	0.001	0.058
0.161	0.576	0.060	0.203
0.270	0.291	0.130	0.308
>GCCTTGGCAAAG	2-GCCTTGGCAAAG	8.416697	-31.917386	0	T:78.0(10.05%),B:1712.2(3.72%),P:1e-13	Tpos:168.1,Tstd:99.3,Bpos:179.3,Bstd:106.2,StrandBias:-0.3,Multiplicity:1.05
0.024	0.047	0.623	0.306
0.001	0.633	0.058	0.308
0.131	0.844	0.024	0.001
0.029	0.275	0.102	0.594
0.001	0.097	0.079	0.823
0.001	0.019	0.704	0.276
0.068	0.024	0.864	0.044
0.213	0.597	0.161	0.029
0.671	0.261	0.044	0.024
0.856	0.015	0.128	0.001
0.897	0.016	0.063	0.024
0.048	0.001	0.940	0.011
>CTTTTAGATTAG	3-CTTTTAGATTAG	9.384437	-31.511520	0	T:28.0(3.61%),B:243.3(0.53%),P:1e-13	Tpos:172.7,Tstd:94.5,Bpos:163.0,Bstd:106.7,StrandBias:-0.1,Multiplicity:1.04
0.001	0.997	0.001	0.001
0.251	0.001	0.001	0.747
0.322	0.001	0.001	0.676
0.124	0.083	0.261	0.532
0.001	0.331	0.069	0.599
0.746	0.001	0.083	0.170
0.001	0.001	0.754	0.244
0.745	0.001	0.001	0.253
0.001	0.001	0.001	0.997
0.312	0.001	0.180	0.507
0.856	0.001	0.001	0.142
0.155	0.076	0.735	0.034
>CAAATGGTTTCT	4-CAAATGGTTTCT	12.081342	-29.481856	0	T:12.0(1.55%),B:22.1(0.05%),P:1e-12	Tpos:103.0,Tstd:87.6,Bpos:154.7,Bstd:85.0,StrandBias:0.0,Multiplicity:1.00
0.001	0.852	0.146	0.001
0.997	0.001	0.001	0.001
0.997	0.001	0.001	0.001
0.997	0.001	0.001	0.001
0.001	0.001	0.001	0.997
0.001	0.001	0.997	0.001
0.147	0.001	0.755	0.097
0.001	0.146	0.001	0.852
0.001	0.107	0.001	0.891
0.001	0.121	0.001	0.877
0.146	0.852	0.001	0.001
0.001	0.001	0.001	0.997
>GTTCCAACGCCC	5-GTTCCAACGCCC	10.498376	-28.117029	0	T:24.0(3.09%),B:199.9(0.43%),P:1e-12	Tpos:161.9,Tstd:90.1,Bpos:164.0,Bstd:95.5,StrandBias:-0.2,Multiplicity:1.00
0.073	0.001	0.746	0.180
0.001	0.201	0.198	0.600
0.084	0.001	0.097	0.818
0.084	0.595	0.320	0.001
0.001	0.997	0.001	0.001
0.894	0.104	0.001	0.001
0.786	0.144	0.069	0.001
0.001	0.997	0.001	0.001
0.084	0.087	0.556	0.273
0.001	0.747	0.001	0.251
0.001	0.997	0.001	0.001
0.001	0.997	0.001	0.001
>CTTGGAAGCTTC	6-CTTGGAAGCTTC	13.585878	-27.764525	0	T:8.0(1.03%),B:3.2(0.01%),P:1e-12	Tpos:212.5,Tstd:76.4,Bpos:157.7,Bstd:97.0,StrandBias:0.7,Multiplicity:1.00
0.001	0.997	0.001	0.001
0.001	0.001	0.001	0.997
0.001	0.001	0.001	0.997
0.140	0.001	0.719	0.140
0.001	0.001	0.997	0.001
0.997	0.001	0.001	0.001
0.997	0.001	0.001	0.001
0.001	0.001	0.859	0.139
0.066	0.793	0.001	0.140
0.001	0.001	0.001	0.997
0.001	0.001	0.115	0.883
0.001	0.859	0.001	0.139
>AGTTTCAGTTTC	7-AGTTTCAGTTTC	9.049886	-26.734464	0	T:52.0(6.70%),B:982.4(2.14%),P:1e-11	Tpos:197.8,Tstd:91.4,Bpos:186.6,Bstd:107.8,StrandBias:0.2,Multiplicity:1.23
0.745	0.104	0.098	0.053
0.085	0.068	0.846	0.001
0.035	0.078	0.104	0.783
0.001	0.001	0.001	0.997
0.105	0.052	0.067	0.776
0.043	0.706	0.183	0.068
0.738	0.001	0.045	0.216
0.070	0.066	0.741	0.123
0.052	0.001	0.075	0.872
0.001	0.020	0.001	0.978
0.001	0.114	0.001	0.884
0.038	0.794	0.068	0.100
>CCCGGGAGGAGG	8-CCCGGGAGGAGG	9.442871	-26.483430	0	T:99.0(12.76%),B:2747.2(5.97%),P:1e-11	Tpos:170.0,Tstd:101.0,Bpos:189.4,Bstd:99.9,StrandBias:0.1,Multiplicity:1.13
0.081	0.756	0.050	0.113
0.068	0.738	0.072	0.122
0.066	0.888	0.025	0.021
0.032	0.052	0.839	0.077
0.037	0.008	0.954	0.001
0.001	0.060	0.889	0.050
0.882	0.050	0.058	0.010
0.021	0.057	0.841	0.081
0.001	0.079	0.839	0.081
0.696	0.124	0.106	0.074
0.108	0.077	0.806	0.009
0.077	0.033	0.874	0.016
>CACCCCGTGGAC	9-CACCCCGTGGAC	13.264995	-25.650385	0	T:9.0(1.16%),B:10.4(0.02%),P:1e-11	Tpos:167.9,Tstd:77.9,Bpos:180.1,Bstd:68.5,StrandBias:1.0,Multiplicity:1.00
0.001	0.997	0.001	0.001
0.862	0.001	0.136	0.001
0.001	0.862	0.136	0.001
0.001	0.997	0.001	0.001
0.001	0.725	0.137	0.137
0.001	0.997	0.001	0.001
0.136	0.001	0.862	0.001
0.001	0.090	0.001	0.908
0.001	0.001	0.997	0.001
0.001	0.001	0.997	0.001
0.915	0.083	0.001	0.001
0.001	0.997	0.001	0.001
>CGCGGCGGCTCA	10-CGCGGCGGCTCA	11.699164	-24.887169	0	T:17.0(2.19%),B:102.6(0.22%),P:1e-10	Tpos:213.8,Tstd:88.9,Bpos:215.5,Bstd:92.7,StrandBias:0.3,Multiplicity:1.06
0.001	0.997	0.001	0.001
0.001	0.078	0.920	0.001
0.001	0.997	0.001	0.001
0.001	0.102	0.827	0.070
0.001	0.062	0.936	0.001
0.138	0.860	0.001	0.001
0.001	0.001	0.883	0.115
0.019	0.102	0.878	0.001
0.001	0.997	0.001	0.001
0.001	0.001	0.056	0.942
0.001	0.925	0.073	0.001
0.838	0.069	0.092	0.001
>ATAAAAAGCCAC	11-ATAAAAAGCCAC	12.145727	-24.859016	0	T:14.0(1.80%),B:59.5(0.13%),P:1e-10	Tpos:208.4,Tstd:97.9,Bpos:163.4,Bstd:115.4,StrandBias:0.8,Multiplicity:1.00
0.811	0.094	0.001	0.094
0.194	0.052	0.270	0.484
0.765	0.001	0.233	0.001
0.997	0.001	0.001	0.001
0.997	0.001	0.001	0.001
0.923	0.075	0.001	0.001
0.904	0.001	0.001	0.094
0.114	0.170	0.715	0.001
0.001	0.997	0.001	0.001
0.001	0.997	0.001	0.001
0.997	0.001	0.001	0.001
0.057	0.631	0.198	0.114
>TCAATGCTGAGG	12-TCAATGCTGAGG	13.995180	-24.159744	0	T:8.0(1.03%),B:7.9(0.02%),P:1e-10	Tpos:211.4,Tstd:109.4,Bpos:138.9,Bstd:101.9,StrandBias:0.7,Multiplicity:1.00
0.001	0.161	0.161	0.677
0.193	0.805	0.001	0.001
0.997	0.001	0.001	0.001
0.838	0.160	0.001	0.001
0.001	0.001	0.001	0.997
0.160	0.001	0.838	0.001
0.001	0.997	0.001	0.001
0.001	0.001	0.001	0.997
0.001	0.001	0.997	0.001
0.997	0.001	0.001	0.001
0.001	0.001	0.997	0.001
0.001	0.001	0.997	0.001
>AGAGCCGGGGAC	13-AGAGCCGGGGAC	12.448464	-23.747509	0	T:13.0(1.68%),B:52.5(0.11%),P:1e-10	Tpos:151.6,Tstd:96.6,Bpos:184.8,Bstd:134.7,StrandBias:1.2,Multiplicity:1.00
0.997	0.001	0.001	0.001
0.001	0.001	0.997	0.001
0.997	0.001	0.001	0.001
0.001	0.001	0.997	0.001
0.001	0.997	0.001	0.001
0.152	0.846	0.001	0.001
0.040	0.001	0.832	0.127
0.164	0.222	0.613	0.001
0.001	0.001	0.997	0.001
0.152	0.001	0.846	0.001
0.997	0.001	0.001	0.001
0.001	0.884	0.114	0.001
>GCTCCCTCATGG	14-GCTCCCTCATGG	13.457154	-23.529799	0	T:9.0(1.16%),B:14.2(0.03%),P:1e-10	Tpos:171.2,Tstd:112.0,Bpos:170.9,Bstd:100.4,StrandBias:-0.3,Multiplicity:1.00
0.001	0.001	0.997	0.001
0.001	0.997	0.001	0.001
0.001	0.001	0.001	0.997
0.001	0.854	0.001	0.144
0.001	0.997	0.001	0.001
0.174	0.824	0.001	0.001
0.001	0.001	0.001	0.997
0.001	0.997	0.001	0.001
0.892	0.001	0.106	0.001
0.001	0.175	0.252	0.572
0.001	0.001	0.997	0.001
0.001	0.001	0.997	0.001
>AGAGGCTGGCTT	15-AGAGGCTGGCTT	12.548501	-23.294679	0	T:15.0(1.93%),B:82.6(0.18%),P:1e-10	Tpos:199.5,Tstd:88.0,Bpos:138.1,Bstd:112.4,StrandBias:-0.2,Multiplicity:1.00
0.895	0.103	0.001	0.001
0.104	0.092	0.803	0.001
0.997	0.001	0.001	0.001
0.001	0.001	0.997	0.001
0.054	0.092	0.853	0.001
0.001	0.895	0.103	0.001
0.125	0.001	0.001	0.873
0.001	0.001	0.997	0.001
0.033	0.042	0.924	0.001
0.001	0.939	0.059	0.001
0.001	0.001	0.051	0.947
0.001	0.001	0.051	0.947
>CTGGTTGACAAA	16-CTGGTTGACAAA	13.414697	-22.643195	0	T:9.0(1.16%),B:16.4(0.04%),P:1e-9	Tpos:183.6,Tstd:78.0,Bpos:194.7,Bstd:90.2,StrandBias:1.0,Multiplicity:1.00
0.001	0.829	0.001	0.169
0.001	0.001	0.001	0.997
0.169	0.001	0.829	0.001
0.001	0.001	0.997	0.001
0.001	0.124	0.001	0.874
0.001	0.001	0.001	0.997
0.103	0.001	0.895	0.001
0.997	0.001	0.001	0.001
0.001	0.659	0.339	0.001
0.997	0.001	0.001	0.001
0.997	0.001	0.001	0.001
0.997	0.001	0.001	0.001
>CTTAGACACGGG	17-CTTAGACACGGG	13.862012	-21.308343	0	T:6.0(0.77%),B:2.0(0.00%),P:1e-9	Tpos:159.7,Tstd:70.3,Bpos:44.1,Bstd:14.7,StrandBias:0.0,Multiplicity:1.00
0.001	0.997	0.001	0.001
0.001	0.142	0.001	0.856
0.171	0.171	0.001	0.657
0.828	0.001	0.170	0.001
0.001	0.001	0.997	0.001
0.997	0.001	0.001	0.001
0.001	0.997	0.001	0.001
0.997	0.001	0.001	0.001
0.001	0.828	0.170	0.001
0.001	0.001	0.997	0.001
0.001	0.001	0.997	0.001
0.001	0.001	0.997	0.001
>CTCCTCGCTGCG	18-CTCCTCGCTGCG	12.774664	-20.861498	0	T:13.0(1.68%),B:68.2(0.15%),P:1e-9	Tpos:197.3,Tstd:101.6,Bpos:196.6,Bstd:91.2,StrandBias:0.8,Multiplicity:1.08
0.001	0.894	0.001	0.104
0.131	0.001	0.001	0.867
0.001	0.927	0.071	0.001
0.001	0.997	0.001	0.001
0.001	0.052	0.001	0.946
0.001	0.909	0.089	0.001
0.001	0.074	0.924	0.001
0.131	0.867	0.001	0.001
0.097	0.048	0.001	0.854
0.104	0.001	0.894	0.001
0.001	0.997	0.001	0.001
0.001	0.001	0.997	0.001
>AMTGCCAACMAM	19-AMTGCCAACMAM	7.771699	-20.541723	0	T:106.0(13.66%),B:3381.5(7.35%),P:1e-8	Tpos:185.2,Tstd:104.0,Bpos:184.5,Bstd:105.3,StrandBias:0.0,Multiplicity:1.12
0.563	0.092	0.001	0.344
0.325	0.447	0.151	0.077
0.157	0.001	0.001	0.841
0.362	0.001	0.636	0.001
0.001	0.779	0.219	0.001
0.024	0.974	0.001	0.001
0.997	0.001	0.001	0.001
0.567	0.057	0.375	0.001
0.209	0.384	0.194	0.214
0.542	0.456	0.001	0.001
0.706	0.292	0.001	0.001
0.417	0.450	0.133	0.001
>TGCGATTGTTTG	20-TGCGATTGTTTG	13.232796	-20.506921	0	T:5.0(0.64%),B:0.0(0.00%),P:1e-8	Tpos:216.0,Tstd:76.0,Bpos:0.0,Bstd:0.0,StrandBias:0.6,Multiplicity:1.00
0.001	0.001	0.006	0.992
0.001	0.001	0.997	0.001
0.001	0.569	0.125	0.305
0.007	0.007	0.866	0.120
0.997	0.001	0.001	0.001
0.152	0.161	0.001	0.686
0.001	0.001	0.264	0.734
0.001	0.087	0.905	0.007
0.153	0.153	0.006	0.688
0.001	0.001	0.001	0.997
0.001	0.001	0.001	0.997
0.001	0.001	0.992	0.006
>TCCTACTGAAGT	21-TCCTACTGAAGT	14.550542	-20.064956	0	T:7.0(0.90%),B:8.9(0.02%),P:1e-8	Tpos:129.4,Tstd:132.3,Bpos:261.0,Bstd:83.3,StrandBias:0.4,Multiplicity:1.00
0.001	0.001	0.001	0.997
0.001	0.997	0.001	0.001
0.001	0.997	0.001	0.001
0.001	0.298	0.001	0.700
0.597	0.219	0.001	0.183
0.001	0.997	0.001	0.001
0.001	0.001	0.001	0.997
0.001	0.001	0.997	0.001
0.997	0.001	0.001	0.001
0.997	0.001	0.001	0.001
0.001	0.001	0.997	0.001
0.001	0.001	0.001	0.997
>TCCCGCCCAAGA	22-TCCCGCCCAAGA	13.045930	-19.336000	0	T:11.0(1.42%),B:49.8(0.11%),P:1e-8	Tpos:188.8,Tstd:115.9,Bpos:157.2,Bstd:84.3,StrandBias:0.8,Multiplicity:1.00
0.001	0.001	0.001	0.997
0.001	0.837	0.161	0.001
0.001	0.997	0.001	0.001
0.086	0.794	0.001	0.119
0.001	0.001	0.864	0.134
0.001	0.997	0.001	0.001
0.001	0.997	0.001	0.001
0.098	0.900	0.001	0.001
0.997	0.001	0.001	0.001
0.841	0.099	0.059	0.001
0.001	0.001	0.997	0.001
0.922	0.076	0.001	0.001
>GGAGCGCWCCSC	23-GGAGCGCWCCSC	11.463457	-18.757175	0	T:18.0(2.32%),B:180.8(0.39%),P:1e-8	Tpos:156.9,Tstd:91.5,Bpos:204.8,Bstd:102.2,StrandBias:0.0,Multiplicity:1.06
0.169	0.125	0.666	0.040
0.001	0.001	0.997	0.001
0.633	0.050	0.100	0.217
0.001	0.001	0.997	0.001
0.043	0.928	0.028	0.001
0.001	0.005	0.993	0.001
0.001	0.948	0.050	0.001
0.391	0.031	0.064	0.514
0.001	0.916	0.001	0.082
0.114	0.586	0.299	0.001
0.001	0.444	0.471	0.083
0.001	0.921	0.001	0.077
>GCCCGGCCGGCA	24-GCCCGGCCGGCA	11.496737	-18.059918	0	T:18.0(2.32%),B:189.7(0.41%),P:1e-7	Tpos:189.2,Tstd:97.2,Bpos:202.1,Bstd:108.8,StrandBias:-0.8,Multiplicity:1.06
0.001	0.084	0.807	0.108
0.001	0.997	0.001	0.001
0.001	0.949	0.049	0.001
0.001	0.891	0.107	0.001
0.001	0.001	0.997	0.001
0.001	0.088	0.910	0.001
0.001	0.910	0.088	0.001
0.084	0.807	0.001	0.108
0.001	0.068	0.930	0.001
0.001	0.047	0.951	0.001
0.001	0.997	0.001	0.001
0.913	0.001	0.041	0.045
>TCCCAATCGATC	25-TCCCAATCGATC	9.533793	-16.523056	0	T:5.0(0.64%),B:4.0(0.01%),P:1e-7	Tpos:252.2,Tstd:75.9,Bpos:210.5,Bstd:75.5,StrandBias:0.7,Multiplicity:1.00
0.001	0.001	0.001	0.997
0.001	0.997	0.001	0.001
0.001	0.960	0.038	0.001
0.079	0.802	0.118	0.001
0.802	0.001	0.196	0.001
0.997	0.001	0.001	0.001
0.001	0.001	0.001	0.997
0.001	0.960	0.001	0.038
0.001	0.001	0.997	0.001
0.997	0.001	0.001	0.001
0.001	0.001	0.001	0.997
0.001	0.997	0.001	0.001
>ATGAGTCA	1-ATGAGTCA	6.061767	-31.758656	0	T:200.0(25.77%),B:6939.3(15.09%),P:1e-13	Tpos:177.6,Tstd:95.0,Bpos:174.0,Bstd:103.0,StrandBias:-0.0,Multiplicity:1.26
0.699	0.100	0.198	0.003
0.071	0.001	0.001	0.927
0.001	0.025	0.719	0.255
0.825	0.001	0.011	0.163
0.105	0.275	0.433	0.187
0.025	0.031	0.001	0.943
0.033	0.882	0.084	0.001
0.796	0.167	0.018	0.019
>GAAATTCC	2-GAAATTCC	7.188460	-29.983809	0	T:116.0(14.95%),B:3274.2(7.12%),P:1e-13	Tpos:175.0,Tstd:102.0,Bpos:176.2,Bstd:102.4,StrandBias:0.1,Multiplicity:1.13
0.001	0.001	0.997	0.001
0.941	0.001	0.057	0.001
0.937	0.015	0.047	0.001
0.711	0.030	0.001	0.258
0.043	0.075	0.152	0.730
0.001	0.034	0.001	0.964
0.055	0.925	0.001	0.019
0.001	0.990	0.008	0.001
>TATAAAAG	3-TATAAAAG	5.697491	-28.648661	0	T:243.0(31.31%),B:9301.7(20.22%),P:1e-12	Tpos:188.9,Tstd:101.5,Bpos:166.3,Bstd:104.2,StrandBias:0.8,Multiplicity:1.39
0.001	0.216	0.125	0.658
0.690	0.148	0.001	0.161
0.001	0.308	0.001	0.690
0.997	0.001	0.001	0.001
0.800	0.001	0.001	0.198
0.583	0.156	0.147	0.114
0.550	0.069	0.196	0.185
0.240	0.166	0.593	0.001
>GGGGGTTT	4-GGGGGTTT	6.502475	-23.872630	0	T:169.0(21.78%),B:6051.3(13.16%),P:1e-10	Tpos:159.3,Tstd:91.8,Bpos:163.9,Bstd:102.6,StrandBias:0.1,Multiplicity:1.13
0.001	0.001	0.953	0.045
0.001	0.001	0.997	0.001
0.025	0.001	0.897	0.077
0.044	0.001	0.903	0.052
0.089	0.100	0.760	0.051
0.001	0.090	0.135	0.774
0.011	0.001	0.001	0.987
0.133	0.049	0.001	0.817
>ATTTGCAA	5-ATTTGCAA	4.182113	-19.879866	0	T:259.0(33.38%),B:11000.0(23.92%),P:1e-8	Tpos:156.8,Tstd:95.5,Bpos:161.5,Bstd:102.1,StrandBias:0.1,Multiplicity:1.37
0.398	0.205	0.192	0.206
0.143	0.145	0.220	0.492
0.120	0.108	0.129	0.643
0.187	0.053	0.227	0.533
0.104	0.182	0.528	0.186
0.221	0.445	0.224	0.111
0.502	0.213	0.092	0.193
0.597	0.180	0.081	0.142
>CAAGWGAC	6-CAAGWGAC	4.813064	-14.936369	0	T:252.0(32.47%),B:11234.2(24.43%),P:1e-6	Tpos:173.9,Tstd:98.0,Bpos:174.6,Bstd:103.7,StrandBias:0.2,Multiplicity:1.24
0.001	0.997	0.001	0.001
0.754	0.001	0.001	0.244
0.997	0.001	0.001	0.001
0.001	0.001	0.997	0.001
0.504	0.001	0.001	0.494
0.001	0.211	0.494	0.294
0.778	0.001	0.220	0.001
0.069	0.899	0.031	0.001
