>GGGAATTTCC	1-GGGAATTTCC	7.494642	-58.203392	0	T:79.0(10.46%),B:1121.7(2.44%),P:1e-25	Tpos:205.6,Tstd:93.1,Bpos:182.2,Bstd:100.2,StrandBias:0.0,Multiplicity:1.06
0.009	0.029	0.927	0.035
0.001	0.024	0.974	0.001
0.001	0.001	0.979	0.019
0.937	0.001	0.061	0.001
0.823	0.108	0.017	0.052
0.292	0.007	0.001	0.700
0.026	0.001	0.017	0.956
0.029	0.014	0.001	0.956
0.001	0.997	0.001	0.001
0.026	0.959	0.001	0.014
>ATTTSCYAAW	2-ATTTSCYAAW	8.267520	-29.929748	0	T:64.0(8.48%),B:1325.3(2.88%),P:1e-12	Tpos:156.2,Tstd:90.7,Bpos:145.4,Bstd:99.3,StrandBias:-0.2,Multiplicity:1.02
0.609	0.001	0.389	0.001
0.001	0.069	0.001	0.929
0.001	0.001	0.001	0.997
0.193	0.092	0.001	0.714
0.187	0.463	0.349	0.001
0.158	0.779	0.001	0.062
0.150	0.410	0.001	0.439
0.965	0.033	0.001	0.001
0.997	0.001	0.001	0.001
0.414	0.224	0.057	0.305
>TGAYTAATCC	3-TGAYTAATCC	9.821177	-27.748843	0	T:29.0(3.84%),B:319.0(0.69%),P:1e-12	Tpos:147.0,Tstd:96.3,Bpos:178.7,Bstd:96.3,StrandBias:-0.5,Multiplicity:1.10
0.001	0.001	0.001	0.997
0.001	0.001	0.997	0.001
0.994	0.004	0.001	0.001
0.121	0.450	0.001	0.428
0.001	0.001	0.001	0.997
0.671	0.327	0.001	0.001
0.997	0.001	0.001	0.001
0.001	0.001	0.059	0.939
0.001	0.473	0.318	0.207
0.195	0.496	0.001	0.308
>GAAACTCAAA	4-GAAACTCAAA	9.525885	-27.560859	0	T:33.0(4.37%),B:421.5(0.92%),P:1e-11	Tpos:169.1,Tstd:107.5,Bpos:149.2,Bstd:104.8,StrandBias:0.0,Multiplicity:1.03
0.052	0.018	0.929	0.001
0.845	0.001	0.153	0.001
0.944	0.054	0.001	0.001
0.962	0.036	0.001	0.001
0.076	0.922	0.001	0.001
0.001	0.010	0.001	0.988
0.041	0.739	0.148	0.072
0.847	0.028	0.001	0.124
0.979	0.019	0.001	0.001
0.878	0.001	0.083	0.038
>TGGTCTCTAA	5-TGGTCTCTAA	8.769838	-27.371718	0	T:37.0(4.90%),B:532.9(1.16%),P:1e-11	Tpos:146.9,Tstd:99.1,Bpos:159.9,Bstd:99.7,StrandBias:-0.4,Multiplicity:1.00
0.001	0.001	0.001	0.997
0.001	0.001	0.911	0.087
0.003	0.001	0.925	0.071
0.001	0.053	0.196	0.750
0.001	0.823	0.001	0.175
0.001	0.121	0.084	0.794
0.140	0.710	0.001	0.149
0.120	0.001	0.057	0.822
0.658	0.028	0.001	0.313
0.625	0.044	0.146	0.185
>TTATAAACAC	6-TTATAAACAC	7.848096	-25.676435	0	T:48.0(6.36%),B:907.5(1.97%),P:1e-11	Tpos:180.0,Tstd:99.0,Bpos:164.9,Bstd:100.4,StrandBias:-0.7,Multiplicity:1.15
0.001	0.016	0.065	0.918
0.001	0.022	0.001	0.976
0.960	0.001	0.038	0.001
0.051	0.083	0.107	0.759
0.960	0.001	0.038	0.001
0.725	0.070	0.001	0.204
0.591	0.181	0.041	0.187
0.103	0.674	0.110	0.113
0.806	0.002	0.064	0.128
0.034	0.964	0.001	0.001
>GGAGTTGCCT	7-GGAGTTGCCT	9.007252	-25.565669	0	T:39.0(5.17%),B:627.3(1.36%),P:1e-11	Tpos:171.6,Tstd:97.2,Bpos:171.8,Bstd:103.2,StrandBias:0.2,Multiplicity:1.00
0.059	0.001	0.939	0.001
0.040	0.040	0.919	0.001
0.925	0.001	0.029	0.045
0.048	0.075	0.847	0.030
0.001	0.123	0.001	0.875
0.001	0.001	0.001	0.997
0.060	0.032	0.882	0.026
0.080	0.754	0.106	0.060
0.053	0.945	0.001	0.001
0.021	0.036	0.001	0.942
>TGGCTTTTTG	8-TGGCTTTTTG	7.384159	-25.389072	0	T:74.0(9.80%),B:1859.8(4.05%),P:1e-11	Tpos:165.7,Tstd:108.9,Bpos:165.6,Bstd:106.1,StrandBias:-0.2,Multiplicity:1.04
0.063	0.059	0.085	0.793
0.023	0.087	0.868	0.022
0.116	0.067	0.780	0.037
0.058	0.834	0.055	0.053
0.124	0.117	0.047	0.712
0.092	0.036	0.067	0.805
0.091	0.060	0.034	0.815
0.051	0.047	0.035	0.867
0.154	0.076	0.061	0.709
0.075	0.032	0.824	0.069
>GTATCTGTCA	9-GTATCTGTCA	7.347125	-23.866541	0	T:53.0(7.02%),B:1132.9(2.46%),P:1e-10	Tpos:162.7,Tstd:103.6,Bpos:172.5,Bstd:101.7,StrandBias:-0.6,Multiplicity:1.00
0.044	0.050	0.816	0.090
0.152	0.080	0.023	0.745
0.855	0.048	0.035	0.062
0.111	0.121	0.058	0.710
0.097	0.726	0.090	0.087
0.068	0.018	0.007	0.907
0.038	0.099	0.726	0.137
0.070	0.038	0.043	0.849
0.038	0.867	0.054	0.041
0.811	0.060	0.074	0.055
>GCCTTTTATG	10-GCCTTTTATG	7.802350	-23.177999	0	T:37.0(4.90%),B:621.9(1.35%),P:1e-10	Tpos:190.8,Tstd:92.5,Bpos:187.9,Bstd:101.4,StrandBias:-1.9,Multiplicity:1.06
0.033	0.288	0.512	0.167
0.011	0.521	0.220	0.248
0.046	0.583	0.148	0.223
0.064	0.171	0.042	0.723
0.069	0.066	0.057	0.808
0.269	0.068	0.028	0.635
0.076	0.034	0.053	0.837
0.825	0.096	0.049	0.030
0.271	0.026	0.051	0.652
0.164	0.199	0.454	0.184
>MACTTAMTMA	11-MACTTAMTMA	7.670423	-22.469302	0	T:32.0(4.24%),B:488.3(1.06%),P:1e-9	Tpos:155.5,Tstd:90.9,Bpos:164.5,Bstd:99.5,StrandBias:-1.0,Multiplicity:1.03
0.438	0.296	0.265	0.001
0.600	0.398	0.001	0.001
0.236	0.478	0.285	0.001
0.001	0.001	0.001	0.997
0.001	0.248	0.254	0.497
0.490	0.181	0.001	0.329
0.457	0.541	0.001	0.001
0.001	0.381	0.001	0.617
0.373	0.408	0.218	0.001
0.997	0.001	0.001	0.001
>CCGGGATGAV	12-CCGGGATGAV	7.185300	-20.969837	0	T:54.0(7.15%),B:1270.0(2.76%),P:1e-9	Tpos:170.2,Tstd:94.8,Bpos:187.3,Bstd:101.5,StrandBias:0.0,Multiplicity:1.04
0.189	0.469	0.289	0.053
0.161	0.489	0.314	0.036
0.288	0.149	0.523	0.040
0.069	0.116	0.769	0.046
0.265	0.064	0.627	0.044
0.831	0.048	0.046	0.075
0.051	0.132	0.232	0.585
0.050	0.196	0.482	0.273
0.836	0.079	0.043	0.042
0.280	0.286	0.390	0.044
>TGAAATCAGC	13-TGAAATCAGC	6.567607	-20.632982	0	T:153.0(20.26%),B:5706.3(12.41%),P:1e-8	Tpos:192.8,Tstd:99.4,Bpos:177.9,Bstd:104.9,StrandBias:-0.2,Multiplicity:1.11
0.057	0.003	0.043	0.897
0.083	0.029	0.692	0.196
0.727	0.024	0.166	0.083
0.527	0.035	0.269	0.169
0.634	0.206	0.148	0.012
0.125	0.040	0.126	0.709
0.028	0.951	0.009	0.012
0.665	0.022	0.006	0.307
0.145	0.048	0.609	0.198
0.045	0.618	0.331	0.006
>TGCACCTCTC	14-TGCACCTCTC	9.442332	-20.532421	0	T:38.0(5.03%),B:720.2(1.57%),P:1e-8	Tpos:180.9,Tstd:114.8,Bpos:168.4,Bstd:106.0,StrandBias:-0.3,Multiplicity:1.03
0.001	0.032	0.001	0.966
0.073	0.043	0.853	0.031
0.001	0.893	0.037	0.069
0.939	0.001	0.001	0.059
0.079	0.871	0.001	0.049
0.001	0.897	0.069	0.033
0.001	0.045	0.030	0.924
0.001	0.923	0.041	0.035
0.001	0.097	0.001	0.901
0.082	0.893	0.024	0.001
>CNGAGAAHTT	15-CNGAGAAHTT	8.072214	-20.388501	0	T:74.0(9.80%),B:2088.2(4.54%),P:1e-8	Tpos:184.0,Tstd:101.5,Bpos:165.0,Bstd:100.0,StrandBias:0.0,Multiplicity:1.07
0.001	0.795	0.191	0.013
0.189	0.230	0.260	0.321
0.240	0.001	0.758	0.001
0.997	0.001	0.001	0.001
0.001	0.001	0.997	0.001
0.916	0.082	0.001	0.001
0.528	0.168	0.001	0.303
0.327	0.357	0.045	0.272
0.001	0.001	0.001	0.997
0.001	0.256	0.205	0.538
>GTTTCTGTAT	16-GTTTCTGTAT	9.192475	-20.370691	0	T:23.0(3.05%),B:282.1(0.61%),P:1e-8	Tpos:201.6,Tstd:108.5,Bpos:185.4,Bstd:100.2,StrandBias:0.0,Multiplicity:1.13
0.255	0.065	0.628	0.052
0.023	0.052	0.198	0.727
0.001	0.355	0.108	0.536
0.034	0.060	0.178	0.728
0.138	0.860	0.001	0.001
0.219	0.001	0.001	0.779
0.022	0.131	0.845	0.002
0.042	0.093	0.064	0.801
0.498	0.184	0.146	0.172
0.041	0.079	0.025	0.855
>GTGACTCACC	17-GTGACTCACC	6.945698	-19.134397	0	T:100.0(13.25%),B:3298.0(7.17%),P:1e-8	Tpos:187.4,Tstd:93.6,Bpos:174.1,Bstd:102.1,StrandBias:-0.3,Multiplicity:1.05
0.071	0.074	0.825	0.030
0.082	0.114	0.078	0.726
0.021	0.048	0.879	0.052
0.784	0.038	0.085	0.093
0.077	0.751	0.091	0.081
0.085	0.037	0.088	0.790
0.102	0.824	0.022	0.052
0.875	0.029	0.057	0.039
0.067	0.806	0.041	0.086
0.090	0.746	0.058	0.106
>GCAGGTGTGG	18-GCAGGTGTGG	9.232490	-16.694884	0	T:41.0(5.43%),B:947.0(2.06%),P:1e-7	Tpos:147.4,Tstd:92.9,Bpos:170.0,Bstd:100.8,StrandBias:0.6,Multiplicity:1.02
0.130	0.242	0.627	0.001
0.135	0.622	0.022	0.221
0.908	0.090	0.001	0.001
0.001	0.001	0.997	0.001
0.120	0.001	0.814	0.065
0.050	0.001	0.149	0.800
0.001	0.001	0.997	0.001
0.001	0.140	0.007	0.852
0.210	0.001	0.632	0.157
0.149	0.001	0.797	0.053
>CWKCTAAGWT	19-CWKCTAAGWT	6.417651	-16.546896	0	T:20.0(2.65%),B:268.7(0.58%),P:1e-7	Tpos:145.7,Tstd:90.5,Bpos:160.6,Bstd:88.7,StrandBias:-0.1,Multiplicity:1.05
0.113	0.795	0.054	0.038
0.519	0.022	0.079	0.380
0.163	0.078	0.366	0.393
0.186	0.417	0.149	0.248
0.101	0.317	0.085	0.497
0.486	0.099	0.251	0.165
0.530	0.078	0.032	0.360
0.012	0.071	0.572	0.345
0.467	0.103	0.101	0.329
0.319	0.069	0.104	0.508
>CAACTGGGAT	20-CAACTGGGAT	11.479751	-15.267050	0	T:9.0(1.19%),B:46.2(0.10%),P:1e-6	Tpos:177.1,Tstd:82.6,Bpos:160.6,Bstd:80.5,StrandBias:-1.0,Multiplicity:1.00
0.001	0.997	0.001	0.001
0.997	0.001	0.001	0.001
0.997	0.001	0.001	0.001
0.001	0.890	0.108	0.001
0.001	0.001	0.001	0.997
0.001	0.001	0.997	0.001
0.001	0.001	0.997	0.001
0.001	0.001	0.997	0.001
0.875	0.001	0.123	0.001
0.001	0.001	0.001	0.997
>AGCGTTGGTC	21-AGCGTTGGTC	10.296193	-12.993151	0	T:4.0(0.53%),B:3.5(0.01%),P:1e-5	Tpos:179.2,Tstd:87.9,Bpos:105.5,Bstd:30.2,StrandBias:0.0,Multiplicity:1.00
0.700	0.100	0.100	0.100
0.100	0.100	0.700	0.100
0.100	0.700	0.100	0.100
0.100	0.100	0.700	0.100
0.100	0.100	0.100	0.700
0.100	0.100	0.100	0.700
0.100	0.100	0.700	0.100
0.100	0.100	0.700	0.100
0.100	0.100	0.100	0.700
0.100	0.700	0.100	0.100
>GCCGCGGCGC	22-GCCGCGGCGC	7.207714	-9.598617	0	T:202.0(26.75%),B:9578.1(20.83%),P:1e-4	Tpos:204.7,Tstd:95.4,Bpos:209.7,Bstd:100.1,StrandBias:-0.2,Multiplicity:1.54
0.051	0.077	0.784	0.088
0.065	0.760	0.105	0.070
0.066	0.781	0.064	0.089
0.030	0.053	0.877	0.040
0.086	0.772	0.095	0.047
0.070	0.070	0.822	0.038
0.090	0.108	0.755	0.047
0.063	0.827	0.064	0.046
0.059	0.050	0.860	0.031
0.120	0.768	0.067	0.045
>GGGAAATTCCCH	1-GGGAAATTCCCH	8.152044	-57.595345	0	T:97.0(12.85%),B:1674.2(3.64%),P:1e-25	Tpos:201.3,Tstd:93.5,Bpos:179.8,Bstd:99.5,StrandBias:0.1,Multiplicity:1.12
0.093	0.130	0.565	0.212
0.068	0.043	0.854	0.035
0.090	0.001	0.908	0.001
0.893	0.001	0.085	0.021
0.640	0.165	0.149	0.046
0.739	0.001	0.001	0.259
0.030	0.162	0.198	0.610
0.001	0.206	0.038	0.755
0.001	0.997	0.001	0.001
0.001	0.938	0.026	0.035
0.071	0.724	0.048	0.157
0.269	0.348	0.130	0.252
>GTTCCAACGCCC	2-GTTCCAACGCCC	10.527186	-31.229890	0	T:23.0(3.05%),B:157.6(0.34%),P:1e-13	Tpos:188.6,Tstd:92.8,Bpos:195.0,Bstd:94.8,StrandBias:-0.2,Multiplicity:1.00
0.075	0.001	0.733	0.191
0.001	0.046	0.205	0.748
0.001	0.001	0.165	0.833
0.087	0.577	0.335	0.001
0.001	0.997	0.001	0.001
0.891	0.107	0.001	0.001
0.805	0.145	0.049	0.001
0.001	0.997	0.001	0.001
0.062	0.090	0.555	0.293
0.001	0.652	0.001	0.346
0.001	0.997	0.001	0.001
0.001	0.997	0.001	0.001
>CAAATGGTTTCT	3-CAAATGGTTTCT	12.047825	-30.215283	0	T:12.0(1.59%),B:22.0(0.05%),P:1e-13	Tpos:103.0,Tstd:87.6,Bpos:155.0,Bstd:85.8,StrandBias:0.0,Multiplicity:1.00
0.001	0.854	0.144	0.001
0.997	0.001	0.001	0.001
0.997	0.001	0.001	0.001
0.997	0.001	0.001	0.001
0.001	0.001	0.001	0.997
0.001	0.001	0.997	0.001
0.144	0.001	0.759	0.096
0.001	0.144	0.001	0.854
0.001	0.120	0.001	0.878
0.001	0.120	0.001	0.878
0.144	0.854	0.001	0.001
0.001	0.001	0.001	0.997
>AKAAAAAGCCAC	4-AKAAAAAGCCAC	12.455027	-28.267195	0	T:13.0(1.72%),B:35.1(0.08%),P:1e-12	Tpos:195.8,Tstd:100.2,Bpos:163.1,Bstd:116.0,StrandBias:0.7,Multiplicity:1.00
0.882	0.001	0.001	0.116
0.097	0.064	0.474	0.364
0.826	0.001	0.172	0.001
0.997	0.001	0.001	0.001
0.997	0.001	0.001	0.001
0.764	0.234	0.001	0.001
0.997	0.001	0.001	0.001
0.141	0.094	0.764	0.001
0.001	0.997	0.001	0.001
0.001	0.997	0.001	0.001
0.997	0.001	0.001	0.001
0.001	0.545	0.313	0.141
>CTTGGAAGCTTC	5-CTTGGAAGCTTC	13.593274	-27.977331	0	T:8.0(1.06%),B:3.2(0.01%),P:1e-12	Tpos:212.5,Tstd:76.4,Bpos:157.1,Bstd:95.5,StrandBias:0.7,Multiplicity:1.00
0.001	0.997	0.001	0.001
0.001	0.001	0.001	0.997
0.001	0.001	0.001	0.997
0.140	0.001	0.719	0.140
0.001	0.001	0.997	0.001
0.997	0.001	0.001	0.001
0.997	0.001	0.001	0.001
0.001	0.001	0.859	0.139
0.067	0.792	0.001	0.140
0.001	0.001	0.001	0.997
0.001	0.001	0.116	0.882
0.001	0.859	0.001	0.139
>GCCTTGGCAAAG	6-GCCTTGGCAAAG	8.689076	-27.896876	0	T:61.0(8.08%),B:1284.1(2.79%),P:1e-12	Tpos:157.7,Tstd:102.0,Bpos:175.6,Bstd:107.9,StrandBias:-0.5,Multiplicity:1.05
0.023	0.020	0.678	0.279
0.001	0.688	0.023	0.288
0.147	0.829	0.023	0.001
0.027	0.237	0.097	0.639
0.001	0.081	0.072	0.846
0.001	0.045	0.721	0.233
0.099	0.023	0.816	0.062
0.207	0.572	0.124	0.097
0.614	0.273	0.090	0.023
0.847	0.014	0.138	0.001
0.886	0.016	0.075	0.023
0.045	0.001	0.944	0.010
>GCCCGGGAGGAG	7-GCCCGGGAGGAG	9.453096	-25.968555	0	T:68.0(9.01%),B:1606.9(3.49%),P:1e-11	Tpos:187.1,Tstd:99.1,Bpos:189.9,Bstd:103.5,StrandBias:0.0,Multiplicity:1.03
0.063	0.054	0.846	0.037
0.057	0.833	0.065	0.045
0.039	0.848	0.062	0.051
0.076	0.827	0.031	0.066
0.075	0.024	0.824	0.077
0.060	0.041	0.868	0.031
0.062	0.070	0.831	0.037
0.826	0.060	0.056	0.058
0.086	0.084	0.795	0.035
0.045	0.028	0.839	0.088
0.801	0.069	0.049	0.081
0.044	0.066	0.872	0.018
>AGTTTCAGTTTC	8-AGTTTCAGTTTC	9.049514	-25.935437	0	T:50.0(6.62%),B:966.3(2.10%),P:1e-11	Tpos:196.1,Tstd:92.3,Bpos:187.4,Bstd:107.9,StrandBias:0.2,Multiplicity:1.24
0.737	0.108	0.100	0.055
0.055	0.070	0.874	0.001
0.036	0.049	0.108	0.807
0.001	0.001	0.001	0.997
0.109	0.054	0.069	0.768
0.045	0.695	0.190	0.070
0.731	0.001	0.046	0.222
0.072	0.068	0.733	0.127
0.054	0.001	0.078	0.867
0.001	0.020	0.001	0.978
0.001	0.118	0.001	0.880
0.040	0.786	0.070	0.104
>CGCGGCGGCTCA	9-CGCGGCGGCTCA	11.716262	-25.302190	0	T:17.0(2.25%),B:102.6(0.22%),P:1e-10	Tpos:213.8,Tstd:88.9,Bpos:215.8,Bstd:92.6,StrandBias:0.3,Multiplicity:1.06
0.001	0.997	0.001	0.001
0.001	0.079	0.919	0.001
0.001	0.997	0.001	0.001
0.001	0.103	0.825	0.071
0.001	0.063	0.935	0.001
0.139	0.859	0.001	0.001
0.001	0.001	0.882	0.116
0.019	0.103	0.877	0.001
0.001	0.997	0.001	0.001
0.001	0.001	0.057	0.941
0.001	0.928	0.070	0.001
0.842	0.071	0.086	0.001
>CTTTAAAGCATG	10-CTTTAAAGCATG	9.698610	-24.885754	0	T:24.0(3.18%),B:243.0(0.53%),P:1e-10	Tpos:182.0,Tstd:99.5,Bpos:163.0,Bstd:97.8,StrandBias:-0.7,Multiplicity:1.08
0.069	0.721	0.001	0.209
0.052	0.001	0.001	0.946
0.057	0.001	0.001	0.941
0.001	0.001	0.050	0.948
0.601	0.054	0.001	0.344
0.760	0.139	0.069	0.032
0.821	0.001	0.001	0.177
0.001	0.035	0.963	0.001
0.322	0.608	0.001	0.069
0.539	0.127	0.333	0.001
0.172	0.001	0.001	0.826
0.068	0.001	0.930	0.001
>AAGAAACCACTG	11-AAGAAACCACTG	11.801783	-24.377412	0	T:12.0(1.59%),B:39.2(0.09%),P:1e-10	Tpos:202.0,Tstd:86.1,Bpos:191.0,Bstd:81.7,StrandBias:1.0,Multiplicity:1.00
0.997	0.001	0.001	0.001
0.895	0.001	0.103	0.001
0.025	0.001	0.973	0.001
0.997	0.001	0.001	0.001
0.626	0.227	0.146	0.001
0.997	0.001	0.001	0.001
0.025	0.973	0.001	0.001
0.001	0.997	0.001	0.001
0.997	0.001	0.001	0.001
0.227	0.771	0.001	0.001
0.001	0.227	0.001	0.771
0.001	0.001	0.997	0.001
>GCTCCCTCATGG	12-GCTCCCTCATGG	13.458901	-23.765130	0	T:9.0(1.19%),B:14.2(0.03%),P:1e-10	Tpos:171.2,Tstd:112.0,Bpos:169.0,Bstd:102.2,StrandBias:-0.3,Multiplicity:1.00
0.001	0.001	0.997	0.001
0.001	0.997	0.001	0.001
0.001	0.001	0.001	0.997
0.001	0.854	0.001	0.144
0.001	0.997	0.001	0.001
0.174	0.824	0.001	0.001
0.001	0.001	0.001	0.997
0.001	0.997	0.001	0.001
0.892	0.001	0.106	0.001
0.001	0.174	0.252	0.573
0.001	0.001	0.997	0.001
0.001	0.001	0.997	0.001
>CGGGGCTGCGCC	13-CGGGGCTGCGCC	12.484012	-23.657870	0	T:20.0(2.65%),B:171.1(0.37%),P:1e-10	Tpos:164.6,Tstd:85.6,Bpos:187.6,Bstd:85.2,StrandBias:0.6,Multiplicity:1.00
0.001	0.966	0.001	0.032
0.086	0.067	0.786	0.061
0.001	0.026	0.972	0.001
0.037	0.042	0.920	0.001
0.001	0.001	0.935	0.063
0.086	0.866	0.047	0.001
0.001	0.001	0.055	0.943
0.001	0.032	0.851	0.116
0.001	0.997	0.001	0.001
0.103	0.047	0.799	0.051
0.001	0.984	0.014	0.001
0.001	0.997	0.001	0.001
>AGAGCCGGGGAC	14-AGAGCCGGGGAC	12.193660	-23.629012	0	T:16.0(2.12%),B:98.1(0.21%),P:1e-10	Tpos:158.4,Tstd:100.1,Bpos:190.5,Bstd:119.5,StrandBias:0.7,Multiplicity:1.00
0.923	0.001	0.075	0.001
0.001	0.001	0.997	0.001
0.997	0.001	0.001	0.001
0.001	0.001	0.997	0.001
0.001	0.997	0.001	0.001
0.118	0.805	0.001	0.076
0.031	0.070	0.800	0.099
0.127	0.172	0.700	0.001
0.001	0.001	0.997	0.001
0.118	0.001	0.880	0.001
0.997	0.001	0.001	0.001
0.001	0.909	0.089	0.001
>CTGGTTGACAAA	15-CTGGTTGACAAA	13.414697	-22.877732	0	T:9.0(1.19%),B:16.4(0.04%),P:1e-9	Tpos:183.6,Tstd:78.0,Bpos:195.2,Bstd:90.5,StrandBias:1.0,Multiplicity:1.00
0.001	0.829	0.001	0.169
0.001	0.001	0.001	0.997
0.169	0.001	0.829	0.001
0.001	0.001	0.997	0.001
0.001	0.124	0.001	0.874
0.001	0.001	0.001	0.997
0.103	0.001	0.895	0.001
0.997	0.001	0.001	0.001
0.001	0.659	0.339	0.001
0.997	0.001	0.001	0.001
0.997	0.001	0.001	0.001
0.997	0.001	0.001	0.001
>CACCCCGTGGAC	16-CACCCCGTGGAC	13.473878	-22.496939	0	T:8.0(1.06%),B:10.6(0.02%),P:1e-9	Tpos:162.0,Tstd:80.7,Bpos:180.6,Bstd:69.8,StrandBias:1.6,Multiplicity:1.00
0.001	0.997	0.001	0.001
0.840	0.001	0.158	0.001
0.001	0.840	0.158	0.001
0.001	0.997	0.001	0.001
0.001	0.840	0.158	0.001
0.001	0.997	0.001	0.001
0.158	0.001	0.840	0.001
0.001	0.105	0.001	0.893
0.001	0.001	0.997	0.001
0.001	0.001	0.997	0.001
0.901	0.097	0.001	0.001
0.001	0.997	0.001	0.001
>CACCACCACCTG	17-CACCACCACCTG	12.890908	-22.007909	0	T:13.0(1.72%),B:63.6(0.14%),P:1e-9	Tpos:174.5,Tstd:105.4,Bpos:170.7,Bstd:94.4,StrandBias:1.2,Multiplicity:1.00
0.001	0.859	0.139	0.001
0.905	0.001	0.001	0.093
0.086	0.873	0.040	0.001
0.001	0.997	0.001	0.001
0.938	0.001	0.001	0.060
0.001	0.997	0.001	0.001
0.001	0.997	0.001	0.001
0.828	0.061	0.001	0.110
0.001	0.905	0.093	0.001
0.139	0.859	0.001	0.001
0.001	0.001	0.001	0.997
0.001	0.085	0.913	0.001
>AGAGGCTGGCTT	18-AGAGGCTGGCTT	12.720154	-21.837786	0	T:13.0(1.72%),B:64.7(0.14%),P:1e-9	Tpos:208.3,Tstd:83.3,Bpos:151.4,Bstd:112.6,StrandBias:-0.2,Multiplicity:1.00
0.894	0.104	0.001	0.001
0.104	0.092	0.803	0.001
0.997	0.001	0.001	0.001
0.001	0.001	0.997	0.001
0.054	0.092	0.853	0.001
0.001	0.894	0.104	0.001
0.125	0.001	0.001	0.873
0.001	0.001	0.997	0.001
0.032	0.039	0.928	0.001
0.001	0.939	0.059	0.001
0.001	0.001	0.051	0.947
0.001	0.001	0.051	0.947
>CTTAGACACGGG	19-CTTAGACACGGG	13.862012	-21.467857	0	T:6.0(0.79%),B:2.0(0.00%),P:1e-9	Tpos:159.7,Tstd:70.3,Bpos:44.0,Bstd:14.8,StrandBias:0.0,Multiplicity:1.00
0.001	0.997	0.001	0.001
0.001	0.142	0.001	0.856
0.171	0.171	0.001	0.657
0.828	0.001	0.170	0.001
0.001	0.001	0.997	0.001
0.997	0.001	0.001	0.001
0.001	0.997	0.001	0.001
0.997	0.001	0.001	0.001
0.001	0.828	0.170	0.001
0.001	0.001	0.997	0.001
0.001	0.001	0.997	0.001
0.001	0.001	0.997	0.001
>AGAGCGCTCSGC	20-AGAGCGCTCSGC	11.937510	-21.395342	0	T:16.0(2.12%),B:116.0(0.25%),P:1e-9	Tpos:158.7,Tstd:91.6,Bpos:205.8,Bstd:97.6,StrandBias:-0.7,Multiplicity:1.00
0.668	0.001	0.330	0.001
0.001	0.001	0.997	0.001
0.997	0.001	0.001	0.001
0.001	0.001	0.997	0.001
0.001	0.997	0.001	0.001
0.001	0.001	0.997	0.001
0.001	0.997	0.001	0.001
0.272	0.001	0.001	0.726
0.001	0.997	0.001	0.001
0.083	0.421	0.495	0.001
0.001	0.379	0.619	0.001
0.001	0.997	0.001	0.001
>TGCGATTGTTTG	21-TGCGATTGTTTG	13.232796	-20.640391	0	T:5.0(0.66%),B:0.0(0.00%),P:1e-8	Tpos:216.0,Tstd:76.0,Bpos:0.0,Bstd:0.0,StrandBias:0.6,Multiplicity:1.00
0.001	0.001	0.006	0.992
0.001	0.001	0.997	0.001
0.001	0.569	0.125	0.305
0.007	0.007	0.866	0.120
0.997	0.001	0.001	0.001
0.152	0.160	0.001	0.687
0.001	0.001	0.264	0.734
0.001	0.087	0.905	0.007
0.153	0.153	0.006	0.688
0.001	0.001	0.001	0.997
0.001	0.001	0.001	0.997
0.001	0.001	0.992	0.006
>TCCTACTGAAGT	22-TCCTACTGAAGT	14.535615	-20.248975	0	T:7.0(0.93%),B:8.9(0.02%),P:1e-8	Tpos:129.4,Tstd:132.3,Bpos:261.6,Bstd:82.5,StrandBias:0.4,Multiplicity:1.00
0.001	0.001	0.001	0.997
0.001	0.997	0.001	0.001
0.001	0.997	0.001	0.001
0.001	0.289	0.001	0.709
0.580	0.241	0.001	0.178
0.001	0.997	0.001	0.001
0.001	0.001	0.001	0.997
0.001	0.001	0.997	0.001
0.997	0.001	0.001	0.001
0.997	0.001	0.001	0.001
0.001	0.001	0.997	0.001
0.001	0.001	0.001	0.997
>TCCCGCCCAAGA	23-TCCCGCCCAAGA	13.046614	-19.611042	0	T:11.0(1.46%),B:49.7(0.11%),P:1e-8	Tpos:188.8,Tstd:115.9,Bpos:157.4,Bstd:84.4,StrandBias:0.8,Multiplicity:1.00
0.001	0.001	0.001	0.997
0.001	0.836	0.162	0.001
0.001	0.997	0.001	0.001
0.087	0.792	0.001	0.120
0.001	0.001	0.863	0.135
0.001	0.997	0.001	0.001
0.001	0.997	0.001	0.001
0.092	0.906	0.001	0.001
0.997	0.001	0.001	0.001
0.840	0.100	0.059	0.001
0.001	0.001	0.997	0.001
0.921	0.077	0.001	0.001
>CTAGTAGATTAG	24-CTAGTAGATTAG	7.540126	-19.509822	0	T:38.0(5.03%),B:749.6(1.63%),P:1e-8	Tpos:195.8,Tstd:94.4,Bpos:179.6,Bstd:95.3,StrandBias:-0.5,Multiplicity:1.06
0.092	0.780	0.048	0.080
0.088	0.051	0.090	0.771
0.702	0.001	0.117	0.180
0.052	0.072	0.744	0.132
0.064	0.076	0.189	0.671
0.730	0.033	0.121	0.116
0.051	0.001	0.833	0.115
0.733	0.081	0.066	0.120
0.081	0.033	0.033	0.853
0.154	0.051	0.132	0.663
0.698	0.051	0.150	0.101
0.032	0.073	0.825	0.070
>TCCCAATCGATC	25-TCCCAATCGATC	9.520167	-15.857942	0	T:5.0(0.66%),B:4.0(0.01%),P:1e-6	Tpos:252.2,Tstd:75.9,Bpos:210.7,Bstd:75.3,StrandBias:0.7,Multiplicity:1.00
0.001	0.001	0.001	0.997
0.001	0.997	0.001	0.001
0.001	0.960	0.038	0.001
0.078	0.804	0.117	0.001
0.803	0.001	0.195	0.001
0.997	0.001	0.001	0.001
0.001	0.001	0.001	0.997
0.001	0.960	0.001	0.038
0.001	0.001	0.997	0.001
0.997	0.001	0.001	0.001
0.001	0.001	0.001	0.997
0.001	0.997	0.001	0.001
>GAAATTCC	1-GAAATTCC	7.094594	-30.009076	0	T:114.0(15.10%),B:3282.5(7.14%),P:1e-13	Tpos:174.6,Tstd:102.9,Bpos:176.2,Bstd:102.5,StrandBias:0.1,Multiplicity:1.13
0.001	0.001	0.997	0.001
0.954	0.001	0.044	0.001
0.917	0.017	0.051	0.015
0.719	0.032	0.001	0.248
0.045	0.079	0.158	0.718
0.001	0.036	0.001	0.962
0.057	0.930	0.001	0.012
0.001	0.990	0.008	0.001
>TATAAAAG	2-TATAAAAG	5.904404	-25.191399	0	T:205.0(27.15%),B:7923.0(17.23%),P:1e-10	Tpos:187.7,Tstd:100.8,Bpos:169.6,Bstd:102.8,StrandBias:0.9,Multiplicity:1.41
0.001	0.163	0.001	0.835
0.903	0.095	0.001	0.001
0.001	0.280	0.001	0.718
0.957	0.041	0.001	0.001
0.821	0.001	0.001	0.177
0.600	0.073	0.274	0.053
0.558	0.131	0.310	0.001
0.328	0.193	0.479	0.001
>GGGGGTTT	3-GGGGGTTT	6.369800	-24.076465	0	T:173.0(22.91%),B:6408.4(13.94%),P:1e-10	Tpos:159.5,Tstd:92.6,Bpos:164.7,Bstd:102.6,StrandBias:0.1,Multiplicity:1.14
0.001	0.023	0.927	0.049
0.001	0.001	0.997	0.001
0.027	0.001	0.892	0.080
0.033	0.001	0.911	0.055
0.092	0.104	0.763	0.041
0.001	0.081	0.137	0.781
0.011	0.001	0.001	0.987
0.135	0.051	0.001	0.813
>RTGASTCA	4-RTGASTCA	6.556528	-23.315050	0	T:127.0(16.82%),B:4257.9(9.26%),P:1e-10	Tpos:184.9,Tstd:94.7,Bpos:172.6,Bstd:101.2,StrandBias:-0.0,Multiplicity:1.17
0.505	0.063	0.431	0.001
0.075	0.034	0.001	0.890
0.001	0.046	0.600	0.353
0.745	0.001	0.020	0.234
0.113	0.304	0.410	0.173
0.130	0.003	0.001	0.866
0.196	0.777	0.026	0.001
0.832	0.101	0.032	0.035
>CAAGATAG	5-CAAGATAG	7.312853	-11.900805	0	T:43.0(5.70%),B:1236.4(2.69%),P:1e-5	Tpos:191.4,Tstd:97.4,Bpos:166.2,Bstd:103.5,StrandBias:-0.6,Multiplicity:1.05
0.001	0.997	0.001	0.001
0.997	0.001	0.001	0.001
0.997	0.001	0.001	0.001
0.001	0.001	0.997	0.001
0.934	0.001	0.001	0.064
0.001	0.364	0.001	0.634
0.997	0.001	0.001	0.001
0.001	0.001	0.997	0.001
