>GGGAAWTTCCCH	1-GGGAAWTTCCCH	9.322594	-55.010128	0	T:59.0(7.82%),B:652.7(1.42%),P:1e-23	Tpos:201.3,Tstd:97.2,Bpos:175.1,Bstd:96.3,StrandBias:0.1,Multiplicity:1.08
0.123	0.053	0.603	0.221
0.001	0.001	0.982	0.016
0.001	0.001	0.997	0.001
0.748	0.001	0.250	0.001
0.741	0.085	0.146	0.028
0.498	0.020	0.033	0.448
0.030	0.014	0.156	0.800
0.001	0.263	0.001	0.735
0.001	0.997	0.001	0.001
0.001	0.932	0.001	0.066
0.001	0.684	0.060	0.255
0.292	0.214	0.140	0.354
>CAAATGGTTTCT	2-CAAATGGTTTCT	12.080016	-30.228633	0	T:12.0(1.59%),B:22.0(0.05%),P:1e-13	Tpos:103.0,Tstd:87.6,Bpos:154.7,Bstd:85.6,StrandBias:0.0,Multiplicity:1.00
0.001	0.852	0.146	0.001
0.997	0.001	0.001	0.001
0.997	0.001	0.001	0.001
0.997	0.001	0.001	0.001
0.001	0.001	0.001	0.997
0.001	0.001	0.997	0.001
0.147	0.001	0.754	0.098
0.001	0.146	0.001	0.852
0.001	0.107	0.001	0.891
0.001	0.121	0.001	0.877
0.146	0.852	0.001	0.001
0.001	0.001	0.001	0.997
>CCGCTCCCCAGG	3-CCGCTCCCCAGG	10.090738	-28.770648	0	T:53.0(7.03%),B:988.2(2.15%),P:1e-12	Tpos:178.9,Tstd:102.2,Bpos:188.5,Bstd:107.0,StrandBias:0.2,Multiplicity:1.04
0.025	0.827	0.113	0.035
0.048	0.833	0.036	0.083
0.077	0.058	0.801	0.064
0.019	0.910	0.046	0.025
0.092	0.054	0.126	0.728
0.001	0.874	0.090	0.035
0.023	0.825	0.078	0.074
0.024	0.901	0.017	0.058
0.017	0.846	0.115	0.022
0.766	0.098	0.059	0.077
0.057	0.031	0.869	0.043
0.043	0.094	0.826	0.037
>GCCTTGGCAAAG	4-GCCTTGGCAAAG	8.505005	-28.638386	0	T:69.0(9.15%),B:1548.9(3.37%),P:1e-12	Tpos:170.9,Tstd:101.2,Bpos:174.9,Bstd:106.6,StrandBias:-0.3,Multiplicity:1.07
0.024	0.046	0.622	0.308
0.013	0.644	0.062	0.281
0.130	0.845	0.024	0.001
0.029	0.264	0.130	0.577
0.001	0.087	0.076	0.836
0.001	0.019	0.666	0.314
0.065	0.024	0.839	0.072
0.210	0.610	0.151	0.029
0.721	0.211	0.044	0.024
0.856	0.015	0.128	0.001
0.898	0.001	0.078	0.023
0.047	0.001	0.941	0.011
>CTTGGAAGCTTC	5-CTTGGAAGCTTC	13.593274	-27.986393	0	T:8.0(1.06%),B:3.3(0.01%),P:1e-12	Tpos:212.5,Tstd:76.4,Bpos:156.8,Bstd:95.5,StrandBias:0.7,Multiplicity:1.00
0.001	0.997	0.001	0.001
0.001	0.001	0.001	0.997
0.001	0.001	0.001	0.997
0.140	0.001	0.719	0.140
0.001	0.001	0.997	0.001
0.997	0.001	0.001	0.001
0.997	0.001	0.001	0.001
0.001	0.001	0.859	0.139
0.067	0.792	0.001	0.140
0.001	0.001	0.001	0.997
0.001	0.001	0.116	0.882
0.001	0.859	0.001	0.139
>GTTCCAACGCCC	6-GTTCCAACGCCC	10.709377	-27.048934	0	T:19.0(2.52%),B:122.1(0.27%),P:1e-11	Tpos:186.5,Tstd:100.5,Bpos:203.2,Bstd:97.1,StrandBias:0.0,Multiplicity:1.00
0.080	0.001	0.715	0.204
0.001	0.049	0.219	0.731
0.001	0.001	0.176	0.822
0.092	0.614	0.293	0.001
0.001	0.997	0.001	0.001
0.948	0.050	0.001	0.001
0.793	0.153	0.053	0.001
0.001	0.997	0.001	0.001
0.066	0.096	0.525	0.313
0.001	0.628	0.001	0.370
0.001	0.997	0.001	0.001
0.001	0.997	0.001	0.001
>AGTTTCAGTTTC	7-AGTTTCAGTTTC	9.659802	-26.381373	0	T:39.0(5.17%),B:610.2(1.33%),P:1e-11	Tpos:210.1,Tstd:84.8,Bpos:195.2,Bstd:107.0,StrandBias:-0.3,Multiplicity:1.26
0.748	0.065	0.120	0.067
0.072	0.074	0.827	0.027
0.036	0.119	0.065	0.780
0.015	0.014	0.001	0.970
0.092	0.032	0.073	0.803
0.055	0.731	0.120	0.094
0.774	0.001	0.089	0.136
0.043	0.129	0.742	0.086
0.032	0.013	0.047	0.908
0.025	0.025	0.001	0.949
0.001	0.070	0.001	0.928
0.048	0.847	0.042	0.063
>CTTAGACACGGG	8-CTTAGACACGGG	13.079034	-25.960846	0	T:8.0(1.06%),B:5.7(0.01%),P:1e-11	Tpos:186.2,Tstd:73.9,Bpos:135.6,Bstd:116.7,StrandBias:0.0,Multiplicity:1.00
0.001	0.997	0.001	0.001
0.001	0.319	0.001	0.679
0.001	0.164	0.001	0.834
0.670	0.001	0.001	0.328
0.001	0.001	0.997	0.001
0.997	0.001	0.001	0.001
0.001	0.997	0.001	0.001
0.997	0.001	0.001	0.001
0.001	0.834	0.164	0.001
0.301	0.001	0.697	0.001
0.001	0.001	0.997	0.001
0.328	0.001	0.670	0.001
>GCCCGGGAGGAG	9-GCCCGGGAGGAG	10.498345	-25.360670	0	T:32.0(4.24%),B:433.4(0.94%),P:1e-11	Tpos:172.4,Tstd:93.2,Bpos:189.7,Bstd:94.5,StrandBias:0.0,Multiplicity:1.00
0.266	0.061	0.590	0.083
0.042	0.622	0.099	0.237
0.251	0.528	0.179	0.042
0.019	0.775	0.012	0.194
0.054	0.001	0.774	0.171
0.041	0.041	0.917	0.001
0.001	0.052	0.904	0.043
0.719	0.115	0.104	0.062
0.126	0.028	0.804	0.042
0.042	0.043	0.803	0.112
0.557	0.224	0.162	0.057
0.149	0.137	0.545	0.169
>CGCGGCGGCTCA	10-CGCGGCGGCTCA	11.716262	-25.182106	0	T:17.0(2.25%),B:103.4(0.22%),P:1e-10	Tpos:213.8,Tstd:88.9,Bpos:215.6,Bstd:93.0,StrandBias:0.3,Multiplicity:1.06
0.001	0.997	0.001	0.001
0.001	0.079	0.919	0.001
0.001	0.997	0.001	0.001
0.001	0.103	0.825	0.071
0.001	0.063	0.935	0.001
0.139	0.859	0.001	0.001
0.001	0.001	0.882	0.116
0.019	0.103	0.877	0.001
0.001	0.997	0.001	0.001
0.001	0.001	0.057	0.941
0.001	0.928	0.070	0.001
0.842	0.071	0.086	0.001
>TCAATGCTGAGG	11-TCAATGCTGAGG	13.995180	-24.379975	0	T:8.0(1.06%),B:7.8(0.02%),P:1e-10	Tpos:211.4,Tstd:109.4,Bpos:140.2,Bstd:102.4,StrandBias:0.7,Multiplicity:1.00
0.001	0.161	0.161	0.677
0.193	0.805	0.001	0.001
0.997	0.001	0.001	0.001
0.838	0.160	0.001	0.001
0.001	0.001	0.001	0.997
0.160	0.001	0.838	0.001
0.001	0.997	0.001	0.001
0.001	0.001	0.001	0.997
0.001	0.001	0.997	0.001
0.997	0.001	0.001	0.001
0.001	0.001	0.997	0.001
0.001	0.001	0.997	0.001
>GCTCCCTCATGG	12-GCTCCCTCATGG	13.458901	-23.775155	0	T:9.0(1.19%),B:14.2(0.03%),P:1e-10	Tpos:171.2,Tstd:112.0,Bpos:169.6,Bstd:102.1,StrandBias:-0.3,Multiplicity:1.00
0.001	0.001	0.997	0.001
0.001	0.997	0.001	0.001
0.001	0.001	0.001	0.997
0.001	0.854	0.001	0.144
0.001	0.997	0.001	0.001
0.174	0.824	0.001	0.001
0.001	0.001	0.001	0.997
0.001	0.997	0.001	0.001
0.892	0.001	0.106	0.001
0.001	0.174	0.252	0.573
0.001	0.001	0.997	0.001
0.001	0.001	0.997	0.001
>AGAGCCGGGGAC	13-AGAGCCGGGGAC	12.182695	-23.645638	0	T:16.0(2.12%),B:98.3(0.21%),P:1e-10	Tpos:158.4,Tstd:100.1,Bpos:190.4,Bstd:119.6,StrandBias:0.7,Multiplicity:1.00
0.923	0.001	0.075	0.001
0.001	0.001	0.997	0.001
0.997	0.001	0.001	0.001
0.001	0.001	0.997	0.001
0.001	0.997	0.001	0.001
0.118	0.806	0.001	0.075
0.031	0.070	0.795	0.104
0.127	0.171	0.701	0.001
0.001	0.001	0.997	0.001
0.117	0.001	0.881	0.001
0.997	0.001	0.001	0.001
0.001	0.909	0.089	0.001
>AAGAAACCACTG	14-AAGAAACCACTG	10.824955	-23.245137	0	T:16.0(2.12%),B:101.4(0.22%),P:1e-10	Tpos:204.6,Tstd:90.1,Bpos:185.8,Bstd:105.4,StrandBias:0.7,Multiplicity:1.00
0.738	0.182	0.079	0.001
0.604	0.001	0.183	0.212
0.065	0.001	0.933	0.001
0.815	0.148	0.001	0.036
0.706	0.084	0.209	0.001
0.759	0.005	0.156	0.080
0.099	0.808	0.040	0.053
0.110	0.888	0.001	0.001
0.730	0.109	0.080	0.081
0.056	0.607	0.098	0.239
0.054	0.189	0.002	0.755
0.001	0.037	0.961	0.001
>CTGGTTGACAAA	15-CTGGTTGACAAA	13.414697	-22.887724	0	T:9.0(1.19%),B:16.4(0.04%),P:1e-9	Tpos:183.6,Tstd:78.0,Bpos:195.0,Bstd:90.5,StrandBias:1.0,Multiplicity:1.00
0.001	0.829	0.001	0.169
0.001	0.001	0.001	0.997
0.169	0.001	0.829	0.001
0.001	0.001	0.997	0.001
0.001	0.124	0.001	0.874
0.001	0.001	0.001	0.997
0.103	0.001	0.895	0.001
0.997	0.001	0.001	0.001
0.001	0.659	0.339	0.001
0.997	0.001	0.001	0.001
0.997	0.001	0.001	0.001
0.997	0.001	0.001	0.001
>ABAAAAAGCCAC	16-ABAAAAAGCCAC	10.907819	-22.754484	0	T:20.0(2.65%),B:181.7(0.40%),P:1e-9	Tpos:217.2,Tstd:100.5,Bpos:164.0,Bstd:111.1,StrandBias:0.0,Multiplicity:1.00
0.866	0.065	0.001	0.068
0.170	0.231	0.246	0.353
0.760	0.078	0.161	0.001
0.997	0.001	0.001	0.001
0.921	0.077	0.001	0.001
0.818	0.052	0.065	0.065
0.934	0.001	0.001	0.064
0.003	0.117	0.879	0.001
0.001	0.959	0.039	0.001
0.001	0.996	0.002	0.001
0.921	0.001	0.001	0.077
0.118	0.610	0.194	0.078
>CACCCCGTGGAC	17-CACCCCGTGGAC	13.473878	-22.505886	0	T:8.0(1.06%),B:10.5(0.02%),P:1e-9	Tpos:162.0,Tstd:80.7,Bpos:180.2,Bstd:69.5,StrandBias:1.6,Multiplicity:1.00
0.001	0.997	0.001	0.001
0.840	0.001	0.158	0.001
0.001	0.840	0.158	0.001
0.001	0.997	0.001	0.001
0.001	0.840	0.158	0.001
0.001	0.997	0.001	0.001
0.158	0.001	0.840	0.001
0.001	0.105	0.001	0.893
0.001	0.001	0.997	0.001
0.001	0.001	0.997	0.001
0.901	0.097	0.001	0.001
0.001	0.997	0.001	0.001
>AGAGGCTGGCTT	18-AGAGGCTGGCTT	12.720154	-21.851549	0	T:13.0(1.72%),B:64.6(0.14%),P:1e-9	Tpos:208.3,Tstd:83.3,Bpos:151.1,Bstd:112.4,StrandBias:-0.2,Multiplicity:1.00
0.894	0.104	0.001	0.001
0.104	0.092	0.803	0.001
0.997	0.001	0.001	0.001
0.001	0.001	0.997	0.001
0.054	0.092	0.853	0.001
0.001	0.894	0.104	0.001
0.125	0.001	0.001	0.873
0.001	0.001	0.997	0.001
0.032	0.039	0.928	0.001
0.001	0.939	0.059	0.001
0.001	0.001	0.051	0.947
0.001	0.001	0.051	0.947
>CTAGTAGATTAG	19-CTAGTAGATTAG	7.393109	-21.407716	0	T:43.0(5.70%),B:863.7(1.88%),P:1e-9	Tpos:185.8,Tstd:92.7,Bpos:177.1,Bstd:96.9,StrandBias:-0.8,Multiplicity:1.05
0.096	0.790	0.050	0.064
0.091	0.053	0.094	0.762
0.691	0.001	0.121	0.187
0.054	0.075	0.734	0.137
0.066	0.078	0.158	0.698
0.720	0.034	0.126	0.120
0.053	0.001	0.827	0.119
0.740	0.066	0.069	0.125
0.084	0.016	0.034	0.866
0.141	0.053	0.137	0.669
0.687	0.053	0.156	0.104
0.033	0.076	0.819	0.072
>TGCGATTGTTTG	20-TGCGATTGTTTG	13.232796	-20.646072	0	T:5.0(0.66%),B:0.0(0.00%),P:1e-8	Tpos:216.0,Tstd:76.0,Bpos:0.0,Bstd:0.0,StrandBias:0.6,Multiplicity:1.00
0.001	0.001	0.006	0.992
0.001	0.001	0.997	0.001
0.001	0.569	0.125	0.305
0.007	0.007	0.866	0.120
0.997	0.001	0.001	0.001
0.152	0.160	0.001	0.687
0.001	0.001	0.264	0.734
0.001	0.087	0.905	0.007
0.153	0.153	0.006	0.688
0.001	0.001	0.001	0.997
0.001	0.001	0.001	0.997
0.001	0.001	0.992	0.006
>RGAGCGCTCAGC	21-RGAGCGCTCAGC	9.701836	-20.323091	0	T:16.0(2.12%),B:126.4(0.27%),P:1e-8	Tpos:158.7,Tstd:91.6,Bpos:207.5,Bstd:103.7,StrandBias:-0.7,Multiplicity:1.00
0.539	0.001	0.459	0.001
0.001	0.001	0.997	0.001
0.997	0.001	0.001	0.001
0.001	0.001	0.997	0.001
0.001	0.997	0.001	0.001
0.001	0.001	0.997	0.001
0.001	0.997	0.001	0.001
0.357	0.001	0.001	0.641
0.001	0.997	0.001	0.001
0.818	0.142	0.039	0.001
0.001	0.133	0.865	0.001
0.001	0.997	0.001	0.001
>TCCTACTGAAGT	22-TCCTACTGAAGT	14.535615	-20.256811	0	T:7.0(0.93%),B:8.8(0.02%),P:1e-8	Tpos:129.4,Tstd:132.3,Bpos:261.5,Bstd:82.2,StrandBias:0.4,Multiplicity:1.00
0.001	0.001	0.001	0.997
0.001	0.997	0.001	0.001
0.001	0.997	0.001	0.001
0.001	0.289	0.001	0.709
0.580	0.241	0.001	0.178
0.001	0.997	0.001	0.001
0.001	0.001	0.001	0.997
0.001	0.001	0.997	0.001
0.997	0.001	0.001	0.001
0.997	0.001	0.001	0.001
0.001	0.001	0.997	0.001
0.001	0.001	0.001	0.997
>CTTCCTCGCTGC	23-CTTCCTCGCTGC	11.436144	-19.774649	0	T:20.0(2.65%),B:218.8(0.48%),P:1e-8	Tpos:189.1,Tstd:85.8,Bpos:193.0,Bstd:102.6,StrandBias:0.0,Multiplicity:1.00
0.001	0.952	0.046	0.001
0.131	0.291	0.001	0.577
0.038	0.021	0.068	0.873
0.001	0.853	0.001	0.145
0.001	0.997	0.001	0.001
0.001	0.059	0.045	0.895
0.054	0.723	0.163	0.060
0.027	0.063	0.587	0.323
0.001	0.857	0.055	0.087
0.173	0.146	0.042	0.639
0.054	0.030	0.542	0.374
0.001	0.961	0.001	0.037
>TCCCGCCCAAGA	24-TCCCGCCCAAGA	13.043585	-19.622768	0	T:11.0(1.46%),B:49.8(0.11%),P:1e-8	Tpos:188.8,Tstd:115.9,Bpos:157.4,Bstd:84.7,StrandBias:0.8,Multiplicity:1.00
0.001	0.001	0.001	0.997
0.001	0.837	0.161	0.001
0.001	0.997	0.001	0.001
0.087	0.793	0.001	0.119
0.001	0.001	0.864	0.134
0.001	0.997	0.001	0.001
0.001	0.997	0.001	0.001
0.098	0.900	0.001	0.001
0.997	0.001	0.001	0.001
0.841	0.099	0.059	0.001
0.001	0.001	0.997	0.001
0.921	0.077	0.001	0.001
>TCCCAATCGATC	25-TCCCAATCGATC	9.520167	-16.661057	0	T:5.0(0.66%),B:4.0(0.01%),P:1e-7	Tpos:252.2,Tstd:75.9,Bpos:210.4,Bstd:74.9,StrandBias:0.7,Multiplicity:1.00
0.001	0.001	0.001	0.997
0.001	0.997	0.001	0.001
0.001	0.960	0.038	0.001
0.078	0.804	0.117	0.001
0.803	0.001	0.195	0.001
0.997	0.001	0.001	0.001
0.001	0.001	0.001	0.997
0.001	0.960	0.001	0.038
0.001	0.001	0.997	0.001
0.997	0.001	0.001	0.001
0.001	0.001	0.001	0.997
0.001	0.997	0.001	0.001
