>GGGAATTTCC	1-GGGAATTTCC	7.430690	-60.521383	0	T:83.0(10.70%),B:1156.3(2.51%),P:1e-26	Tpos:204.1,Tstd:93.9,Bpos:179.6,Bstd:101.4,StrandBias:-0.0,Multiplicity:1.06
0.009	0.028	0.909	0.054
0.001	0.023	0.975	0.001
0.001	0.001	0.980	0.018
0.939	0.001	0.059	0.001
0.826	0.106	0.017	0.051
0.289	0.007	0.001	0.703
0.025	0.001	0.017	0.957
0.029	0.014	0.001	0.956
0.001	0.997	0.001	0.001
0.026	0.960	0.001	0.013
>ACCCGGGAGG	2-ACCCGGGAGG	9.520699	-27.528663	0	T:78.0(10.05%),B:1874.0(4.07%),P:1e-11	Tpos:180.1,Tstd:96.5,Bpos:182.3,Bstd:103.4,StrandBias:0.2,Multiplicity:1.05
0.726	0.049	0.224	0.001
0.001	0.893	0.105	0.001
0.112	0.814	0.001	0.073
0.054	0.896	0.001	0.049
0.039	0.001	0.959	0.001
0.001	0.001	0.997	0.001
0.001	0.001	0.997	0.001
0.997	0.001	0.001	0.001
0.001	0.001	0.871	0.127
0.001	0.045	0.916	0.038
>ATGACTAATC	3-ATGACTAATC	9.815589	-27.092230	0	T:19.0(2.45%),B:118.8(0.26%),P:1e-11	Tpos:153.2,Tstd:105.4,Bpos:180.6,Bstd:99.0,StrandBias:-1.0,Multiplicity:1.11
0.722	0.108	0.169	0.001
0.001	0.001	0.001	0.997
0.001	0.119	0.879	0.001
0.997	0.001	0.001	0.001
0.001	0.822	0.001	0.176
0.001	0.001	0.001	0.997
0.925	0.073	0.001	0.001
0.890	0.108	0.001	0.001
0.001	0.001	0.061	0.937
0.001	0.874	0.064	0.061
>GAGTTGGAAM	4-GAGTTGGAAM	8.105358	-26.936109	0	T:48.0(6.19%),B:849.1(1.85%),P:1e-11	Tpos:166.1,Tstd:87.0,Bpos:159.7,Bstd:103.0,StrandBias:-0.5,Multiplicity:1.04
0.001	0.001	0.997	0.001
0.997	0.001	0.001	0.001
0.280	0.001	0.490	0.229
0.001	0.001	0.093	0.905
0.242	0.001	0.001	0.756
0.247	0.001	0.751	0.001
0.001	0.190	0.538	0.271
0.471	0.280	0.001	0.248
0.545	0.233	0.001	0.221
0.406	0.350	0.243	0.001
>TGGTCTCTAA	5-TGGTCTCTAA	8.326561	-26.798393	0	T:49.0(6.31%),B:884.7(1.92%),P:1e-11	Tpos:171.0,Tstd:105.1,Bpos:156.1,Bstd:102.7,StrandBias:-0.3,Multiplicity:1.00
0.001	0.001	0.001	0.997
0.001	0.001	0.869	0.129
0.003	0.001	0.926	0.070
0.001	0.052	0.196	0.751
0.001	0.824	0.001	0.174
0.001	0.127	0.083	0.789
0.139	0.744	0.001	0.116
0.119	0.001	0.057	0.823
0.660	0.028	0.001	0.311
0.631	0.044	0.142	0.183
>ATTTCCTAAH	6-ATTTCCTAAH	7.164719	-26.640060	0	T:89.0(11.47%),B:2336.3(5.08%),P:1e-11	Tpos:159.7,Tstd:89.9,Bpos:148.3,Bstd:97.2,StrandBias:-0.1,Multiplicity:1.10
0.694	0.018	0.247	0.041
0.092	0.055	0.001	0.852
0.054	0.105	0.072	0.769
0.145	0.043	0.056	0.756
0.173	0.599	0.199	0.029
0.221	0.718	0.023	0.038
0.175	0.178	0.008	0.639
0.887	0.046	0.035	0.032
0.825	0.028	0.039	0.108
0.280	0.322	0.061	0.338
>AGTGACTCAA	7-AGTGACTCAA	6.698225	-25.365467	0	T:126.0(16.24%),B:3962.2(8.61%),P:1e-11	Tpos:175.1,Tstd:96.2,Bpos:175.4,Bstd:101.8,StrandBias:-0.3,Multiplicity:1.09
0.841	0.041	0.073	0.045
0.105	0.087	0.698	0.110
0.090	0.007	0.057	0.846
0.078	0.044	0.811	0.067
0.835	0.050	0.041	0.074
0.083	0.759	0.058	0.100
0.062	0.069	0.048	0.821
0.107	0.819	0.047	0.027
0.811	0.066	0.084	0.039
0.765	0.093	0.053	0.089
>GTATCTGTCA	8-GTATCTGTCA	8.627069	-25.344784	0	T:33.0(4.25%),B:447.5(0.97%),P:1e-11	Tpos:138.2,Tstd:89.5,Bpos:165.4,Bstd:104.8,StrandBias:-0.2,Multiplicity:1.03
0.083	0.132	0.784	0.001
0.160	0.001	0.087	0.752
0.914	0.001	0.084	0.001
0.001	0.001	0.087	0.911
0.088	0.797	0.001	0.114
0.001	0.001	0.001	0.997
0.001	0.001	0.815	0.183
0.001	0.060	0.135	0.804
0.109	0.889	0.001	0.001
0.997	0.001	0.001	0.001
>GAAACTCAAA	9-GAAACTCAAA	9.825117	-24.803839	0	T:31.0(3.99%),B:404.9(0.88%),P:1e-10	Tpos:184.0,Tstd:105.3,Bpos:159.9,Bstd:106.9,StrandBias:-0.4,Multiplicity:1.06
0.077	0.001	0.921	0.001
0.733	0.001	0.265	0.001
0.997	0.001	0.001	0.001
0.895	0.103	0.001	0.001
0.233	0.765	0.001	0.001
0.001	0.001	0.001	0.997
0.156	0.529	0.210	0.105
0.532	0.093	0.001	0.374
0.993	0.005	0.001	0.001
0.692	0.001	0.216	0.091
>TTATAAACAC	10-TTATAAACAC	8.604580	-24.442200	0	T:34.0(4.38%),B:491.4(1.07%),P:1e-10	Tpos:168.4,Tstd:100.0,Bpos:168.4,Bstd:101.0,StrandBias:-0.8,Multiplicity:1.12
0.001	0.015	0.035	0.949
0.001	0.023	0.001	0.975
0.960	0.001	0.038	0.001
0.051	0.085	0.108	0.756
0.960	0.001	0.038	0.001
0.753	0.071	0.001	0.175
0.584	0.184	0.042	0.190
0.120	0.653	0.112	0.115
0.804	0.002	0.065	0.129
0.050	0.948	0.001	0.001
>GCCTTTTATG	11-GCCTTTTATG	8.777325	-24.285858	0	T:35.0(4.51%),B:522.4(1.14%),P:1e-10	Tpos:190.7,Tstd:91.0,Bpos:187.6,Bstd:102.2,StrandBias:-1.6,Multiplicity:1.06
0.001	0.154	0.773	0.072
0.001	0.806	0.040	0.153
0.001	0.874	0.046	0.079
0.001	0.041	0.001	0.957
0.001	0.001	0.001	0.997
0.069	0.001	0.001	0.929
0.001	0.001	0.001	0.997
0.954	0.044	0.001	0.001
0.141	0.001	0.001	0.857
0.021	0.029	0.873	0.077
>CCTGGCAGAG	12-CCTGGCAGAG	8.503655	-23.891527	0	T:56.0(7.22%),B:1204.3(2.62%),P:1e-10	Tpos:198.3,Tstd:92.2,Bpos:180.3,Bstd:111.1,StrandBias:0.2,Multiplicity:1.00
0.062	0.752	0.024	0.162
0.124	0.655	0.189	0.032
0.015	0.101	0.195	0.689
0.229	0.093	0.598	0.080
0.126	0.114	0.615	0.145
0.024	0.666	0.189	0.121
0.781	0.102	0.064	0.053
0.076	0.016	0.809	0.099
0.845	0.006	0.016	0.133
0.106	0.108	0.747	0.039
>AGTTGCAGGA	13-AGTTGCAGGA	9.542674	-22.640653	0	T:32.0(4.12%),B:471.3(1.02%),P:1e-9	Tpos:165.0,Tstd:88.9,Bpos:178.0,Bstd:103.4,StrandBias:-0.2,Multiplicity:1.00
0.997	0.001	0.001	0.001
0.001	0.001	0.956	0.042
0.028	0.068	0.103	0.801
0.042	0.001	0.001	0.956
0.001	0.081	0.739	0.179
0.042	0.956	0.001	0.001
0.878	0.037	0.048	0.037
0.047	0.096	0.820	0.037
0.001	0.030	0.968	0.001
0.961	0.001	0.001	0.037
>TGGCTTTTTG	14-TGGCTTTTTG	7.405960	-21.846351	0	T:73.0(9.41%),B:1921.2(4.18%),P:1e-9	Tpos:169.6,Tstd:109.2,Bpos:167.3,Bstd:107.1,StrandBias:0.1,Multiplicity:1.07
0.062	0.058	0.083	0.797
0.022	0.074	0.874	0.030
0.114	0.066	0.784	0.036
0.070	0.822	0.061	0.047
0.129	0.130	0.046	0.695
0.090	0.034	0.065	0.811
0.102	0.058	0.034	0.806
0.059	0.046	0.041	0.854
0.151	0.075	0.060	0.714
0.068	0.026	0.849	0.057
>GGTTTAAAAT	15-GGTTTAAAAT	8.198875	-20.806512	0	T:33.0(4.25%),B:539.6(1.17%),P:1e-9	Tpos:164.8,Tstd:104.1,Bpos:157.1,Bstd:99.2,StrandBias:0.4,Multiplicity:1.00
0.001	0.001	0.982	0.016
0.025	0.031	0.943	0.001
0.001	0.044	0.001	0.954
0.041	0.053	0.068	0.838
0.030	0.001	0.033	0.936
0.925	0.001	0.048	0.026
0.821	0.001	0.067	0.111
0.886	0.001	0.060	0.053
0.887	0.001	0.111	0.001
0.013	0.033	0.038	0.916
>GTTTCTGTAT	16-GTTTCTGTAT	10.197222	-20.298487	0	T:22.0(2.84%),B:251.9(0.55%),P:1e-8	Tpos:217.5,Tstd:101.3,Bpos:183.9,Bstd:102.8,StrandBias:0.1,Multiplicity:1.14
0.032	0.001	0.966	0.001
0.001	0.001	0.070	0.928
0.001	0.147	0.044	0.808
0.001	0.001	0.049	0.949
0.001	0.997	0.001	0.001
0.067	0.001	0.001	0.931
0.001	0.028	0.970	0.001
0.001	0.028	0.001	0.970
0.594	0.184	0.060	0.162
0.001	0.001	0.001	0.997
>TAGAACAAAT	17-TAGAACAAAT	7.776221	-19.416362	0	T:24.0(3.09%),B:315.4(0.69%),P:1e-8	Tpos:161.2,Tstd:102.4,Bpos:151.9,Bstd:98.1,StrandBias:0.0,Multiplicity:1.08
0.165	0.021	0.135	0.679
0.860	0.020	0.056	0.064
0.170	0.036	0.572	0.222
0.706	0.033	0.202	0.059
0.543	0.230	0.182	0.045
0.223	0.521	0.137	0.119
0.681	0.199	0.077	0.043
0.664	0.238	0.043	0.055
0.646	0.043	0.277	0.034
0.272	0.051	0.044	0.633
>TCATCCTAGG	18-TCATCCTAGG	8.584265	-15.360031	0	T:26.0(3.35%),B:457.5(0.99%),P:1e-6	Tpos:147.9,Tstd:103.4,Bpos:168.8,Bstd:97.9,StrandBias:-0.4,Multiplicity:1.08
0.001	0.080	0.001	0.918
0.001	0.932	0.066	0.001
0.910	0.055	0.001	0.034
0.001	0.071	0.041	0.887
0.001	0.865	0.001	0.133
0.001	0.885	0.001	0.113
0.053	0.041	0.001	0.905
0.932	0.001	0.025	0.042
0.001	0.001	0.997	0.001
0.088	0.055	0.856	0.001
>CTGCTAAGAT	19-CTGCTAAGAT	7.313499	-15.103278	0	T:51.0(6.57%),B:1365.5(2.97%),P:1e-6	Tpos:175.8,Tstd:97.8,Bpos:170.7,Bstd:102.6,StrandBias:0.3,Multiplicity:1.09
0.055	0.784	0.075	0.086
0.138	0.044	0.101	0.717
0.111	0.044	0.781	0.064
0.001	0.945	0.024	0.030
0.023	0.069	0.101	0.807
0.918	0.026	0.001	0.055
0.615	0.077	0.171	0.137
0.001	0.099	0.783	0.117
0.837	0.048	0.001	0.114
0.086	0.001	0.082	0.831
>CAACTGGGAT	20-CAACTGGGAT	11.740331	-14.738503	0	T:8.0(1.03%),B:34.1(0.07%),P:1e-6	Tpos:194.2,Tstd:70.9,Bpos:176.6,Bstd:69.4,StrandBias:-0.7,Multiplicity:1.00
0.001	0.997	0.001	0.001
0.997	0.001	0.001	0.001
0.997	0.001	0.001	0.001
0.001	0.875	0.123	0.001
0.001	0.001	0.001	0.997
0.001	0.001	0.997	0.001
0.001	0.001	0.997	0.001
0.001	0.001	0.997	0.001
0.997	0.001	0.001	0.001
0.001	0.001	0.001	0.997
>CTTTCCTTCT	21-CTTTCCTTCT	8.467614	-14.214406	0	T:72.0(9.28%),B:2294.8(4.99%),P:1e-6	Tpos:167.6,Tstd:95.1,Bpos:165.8,Bstd:102.3,StrandBias:-0.2,Multiplicity:1.06
0.037	0.644	0.195	0.124
0.039	0.034	0.207	0.720
0.001	0.001	0.024	0.974
0.002	0.140	0.065	0.793
0.058	0.940	0.001	0.001
0.001	0.592	0.297	0.110
0.001	0.056	0.001	0.942
0.005	0.001	0.044	0.950
0.185	0.680	0.001	0.134
0.081	0.139	0.001	0.779
>GCCGCGGCGC	22-GCCGCGGCGC	10.013173	-13.580967	0	T:72.0(9.28%),B:2337.0(5.08%),P:1e-5	Tpos:201.9,Tstd:99.0,Bpos:215.3,Bstd:101.4,StrandBias:0.1,Multiplicity:1.23
0.001	0.001	0.964	0.034
0.133	0.774	0.092	0.001
0.049	0.754	0.196	0.001
0.001	0.044	0.954	0.001
0.001	0.973	0.025	0.001
0.001	0.140	0.831	0.028
0.001	0.001	0.997	0.001
0.001	0.997	0.001	0.001
0.100	0.025	0.828	0.047
0.001	0.917	0.081	0.001
>AGCGTTGGTC	23-AGCGTTGGTC	10.296193	-12.887507	0	T:4.0(0.52%),B:3.5(0.01%),P:1e-5	Tpos:179.2,Tstd:87.9,Bpos:105.4,Bstd:30.0,StrandBias:0.0,Multiplicity:1.00
0.700	0.100	0.100	0.100
0.100	0.100	0.700	0.100
0.100	0.700	0.100	0.100
0.100	0.100	0.700	0.100
0.100	0.100	0.100	0.700
0.100	0.100	0.100	0.700
0.100	0.100	0.700	0.100
0.100	0.100	0.700	0.100
0.100	0.100	0.100	0.700
0.100	0.700	0.100	0.100
>AGTGCACTTG	24-AGTGCACTTG	8.218599	-12.870946	0	T:26.0(3.35%),B:526.1(1.14%),P:1e-5	Tpos:178.3,Tstd:94.5,Bpos:170.2,Bstd:100.4,StrandBias:-0.2,Multiplicity:1.00
0.782	0.016	0.034	0.168
0.130	0.176	0.686	0.008
0.164	0.064	0.124	0.648
0.135	0.115	0.746	0.004
0.005	0.773	0.179	0.043
0.806	0.013	0.013	0.168
0.014	0.736	0.237	0.013
0.152	0.133	0.161	0.554
0.012	0.161	0.143	0.684
0.031	0.327	0.525	0.117
