>GGGAATTTCC	1-GGGAATTTCC	7.493620	-58.384471	0	T:79.0(10.48%),B:1119.4(2.44%),P:1e-25	Tpos:205.6,Tstd:93.1,Bpos:182.1,Bstd:100.2,StrandBias:0.0,Multiplicity:1.06
0.009	0.029	0.927	0.035
0.001	0.024	0.974	0.001
0.001	0.001	0.978	0.020
0.937	0.001	0.061	0.001
0.822	0.108	0.018	0.052
0.292	0.007	0.001	0.700
0.026	0.001	0.017	0.956
0.029	0.014	0.001	0.956
0.001	0.997	0.001	0.001
0.026	0.959	0.001	0.014
>RTGACTCACY	2-RTGACTCACY	6.841294	-30.346435	0	T:154.0(20.42%),B:5051.2(10.99%),P:1e-13	Tpos:176.9,Tstd:96.9,Bpos:173.2,Bstd:101.8,StrandBias:-0.1,Multiplicity:1.13
0.388	0.139	0.472	0.001
0.331	0.001	0.065	0.603
0.001	0.001	0.997	0.001
0.577	0.001	0.178	0.244
0.273	0.537	0.189	0.001
0.375	0.001	0.001	0.623
0.152	0.846	0.001	0.001
0.997	0.001	0.001	0.001
0.143	0.515	0.064	0.278
0.232	0.340	0.001	0.427
>TGGTCTCTAA	3-TGGTCTCTAA	8.918886	-28.967754	0	T:37.0(4.91%),B:503.1(1.09%),P:1e-12	Tpos:150.9,Tstd:101.4,Bpos:163.2,Bstd:99.8,StrandBias:-0.6,Multiplicity:1.00
0.001	0.001	0.001	0.997
0.001	0.001	0.908	0.090
0.001	0.001	0.925	0.073
0.001	0.055	0.206	0.738
0.001	0.784	0.001	0.214
0.001	0.089	0.086	0.824
0.117	0.764	0.001	0.118
0.124	0.001	0.059	0.816
0.647	0.029	0.001	0.323
0.612	0.046	0.151	0.191
>ATGACTAATC	4-ATGACTAATC	9.768595	-27.708806	0	T:19.0(2.52%),B:117.8(0.26%),P:1e-12	Tpos:153.2,Tstd:105.4,Bpos:178.8,Bstd:99.8,StrandBias:-1.0,Multiplicity:1.11
0.729	0.104	0.166	0.001
0.001	0.001	0.001	0.997
0.001	0.116	0.882	0.001
0.997	0.001	0.001	0.001
0.001	0.825	0.001	0.173
0.001	0.001	0.001	0.997
0.926	0.072	0.001	0.001
0.893	0.105	0.001	0.001
0.001	0.001	0.060	0.938
0.001	0.856	0.063	0.080
>GAAACTCAAA	5-GAAACTCAAA	9.525893	-27.651902	0	T:33.0(4.38%),B:420.4(0.91%),P:1e-12	Tpos:169.1,Tstd:107.5,Bpos:149.2,Bstd:104.6,StrandBias:0.0,Multiplicity:1.03
0.052	0.018	0.929	0.001
0.845	0.001	0.153	0.001
0.944	0.054	0.001	0.001
0.962	0.036	0.001	0.001
0.076	0.922	0.001	0.001
0.001	0.011	0.001	0.987
0.041	0.739	0.148	0.072
0.847	0.028	0.001	0.124
0.980	0.018	0.001	0.001
0.878	0.001	0.082	0.039
>TTATAAACAC	6-TTATAAACAC	8.108661	-25.644872	0	T:40.0(5.31%),B:656.4(1.43%),P:1e-11	Tpos:173.2,Tstd:98.1,Bpos:167.9,Bstd:101.1,StrandBias:-0.6,Multiplicity:1.15
0.001	0.015	0.065	0.919
0.001	0.022	0.001	0.976
0.960	0.001	0.038	0.001
0.051	0.084	0.107	0.758
0.960	0.001	0.038	0.001
0.725	0.070	0.001	0.204
0.591	0.181	0.041	0.187
0.103	0.674	0.110	0.113
0.806	0.002	0.064	0.128
0.034	0.964	0.001	0.001
>TGGCTTTTTG	7-TGGCTTTTTG	6.739164	-23.752801	0	T:120.0(15.92%),B:3911.7(8.51%),P:1e-10	Tpos:173.0,Tstd:104.5,Bpos:166.8,Bstd:104.8,StrandBias:-0.1,Multiplicity:1.14
0.050	0.051	0.121	0.778
0.027	0.128	0.829	0.016
0.266	0.150	0.560	0.024
0.053	0.860	0.041	0.046
0.123	0.138	0.027	0.712
0.106	0.058	0.093	0.743
0.187	0.040	0.026	0.747
0.071	0.011	0.010	0.908
0.322	0.037	0.043	0.598
0.099	0.015	0.799	0.087
>GTATCTGTCA	8-GTATCTGTCA	7.332699	-23.332850	0	T:53.0(7.03%),B:1151.0(2.50%),P:1e-10	Tpos:167.1,Tstd:100.1,Bpos:171.6,Bstd:103.3,StrandBias:-0.2,Multiplicity:1.00
0.043	0.049	0.820	0.088
0.145	0.089	0.030	0.736
0.842	0.051	0.047	0.060
0.109	0.118	0.057	0.716
0.095	0.701	0.114	0.090
0.046	0.018	0.007	0.929
0.038	0.096	0.726	0.140
0.068	0.045	0.036	0.851
0.036	0.872	0.051	0.041
0.814	0.058	0.078	0.050
>ACCCGGGAGG	9-ACCCGGGAGG	9.021211	-23.203571	0	T:74.0(9.81%),B:1956.3(4.26%),P:1e-10	Tpos:175.2,Tstd:93.8,Bpos:182.2,Bstd:103.0,StrandBias:0.4,Multiplicity:1.06
0.762	0.049	0.188	0.001
0.001	0.901	0.080	0.018
0.043	0.885	0.001	0.071
0.054	0.896	0.001	0.049
0.018	0.001	0.972	0.009
0.001	0.001	0.962	0.036
0.001	0.001	0.997	0.001
0.933	0.020	0.025	0.022
0.026	0.001	0.848	0.125
0.001	0.045	0.917	0.037
>TGAAATCAGC	10-TGAAATCAGC	6.521380	-22.593976	0	T:171.0(22.68%),B:6440.2(14.01%),P:1e-9	Tpos:196.8,Tstd:98.3,Bpos:178.8,Bstd:104.6,StrandBias:-0.3,Multiplicity:1.18
0.057	0.003	0.043	0.897
0.094	0.007	0.699	0.200
0.690	0.004	0.203	0.103
0.561	0.050	0.239	0.150
0.590	0.246	0.143	0.021
0.161	0.053	0.120	0.666
0.042	0.934	0.012	0.012
0.721	0.016	0.007	0.256
0.106	0.056	0.652	0.186
0.020	0.620	0.354	0.006
>TTGCTAAGAA	11-TTGCTAAGAA	9.171620	-21.949522	0	T:30.0(3.98%),B:442.8(0.96%),P:1e-9	Tpos:157.8,Tstd:81.8,Bpos:154.0,Bstd:107.5,StrandBias:0.4,Multiplicity:1.00
0.001	0.266	0.259	0.474
0.075	0.116	0.029	0.780
0.124	0.001	0.874	0.001
0.001	0.997	0.001	0.001
0.001	0.071	0.085	0.843
0.997	0.001	0.001	0.001
0.764	0.001	0.107	0.128
0.001	0.001	0.881	0.117
0.875	0.001	0.001	0.123
0.732	0.001	0.106	0.161
>GCCTTTTATG	12-GCCTTTTATG	8.215903	-21.336265	0	T:28.0(3.71%),B:398.9(0.87%),P:1e-9	Tpos:179.4,Tstd:96.3,Bpos:194.3,Bstd:101.4,StrandBias:-1.4,Multiplicity:1.04
0.051	0.204	0.575	0.170
0.034	0.479	0.211	0.277
0.043	0.682	0.233	0.042
0.058	0.254	0.015	0.673
0.051	0.084	0.045	0.820
0.319	0.069	0.010	0.602
0.044	0.041	0.046	0.869
0.668	0.236	0.082	0.014
0.219	0.006	0.062	0.713
0.166	0.178	0.462	0.193
>GTTTCTGTAT	13-GTTTCTGTAT	9.890676	-21.101983	0	T:26.0(3.45%),B:348.8(0.76%),P:1e-9	Tpos:217.0,Tstd:95.0,Bpos:186.1,Bstd:106.6,StrandBias:-0.1,Multiplicity:1.12
0.032	0.001	0.966	0.001
0.001	0.001	0.069	0.929
0.001	0.145	0.044	0.810
0.001	0.001	0.050	0.948
0.001	0.997	0.001	0.001
0.066	0.001	0.001	0.932
0.001	0.029	0.969	0.001
0.001	0.028	0.001	0.970
0.595	0.183	0.060	0.162
0.001	0.001	0.001	0.997
>TTCTAGGATG	14-TTCTAGGATG	9.884265	-19.558656	0	T:20.0(2.65%),B:221.7(0.48%),P:1e-8	Tpos:147.4,Tstd:96.6,Bpos:163.0,Bstd:96.6,StrandBias:0.3,Multiplicity:1.00
0.001	0.001	0.001	0.997
0.097	0.051	0.040	0.812
0.001	0.878	0.063	0.058
0.049	0.029	0.001	0.921
0.779	0.097	0.123	0.001
0.046	0.001	0.893	0.060
0.071	0.001	0.927	0.001
0.922	0.028	0.049	0.001
0.001	0.001	0.001	0.997
0.001	0.001	0.936	0.062
>GGAGTTGCCT	15-GGAGTTGCCT	9.918783	-18.976179	0	T:26.0(3.45%),B:388.5(0.85%),P:1e-8	Tpos:169.7,Tstd:95.4,Bpos:183.0,Bstd:99.4,StrandBias:-0.2,Multiplicity:1.00
0.108	0.001	0.890	0.001
0.069	0.069	0.861	0.001
0.871	0.001	0.050	0.078
0.001	0.129	0.869	0.001
0.001	0.139	0.001	0.859
0.001	0.001	0.001	0.997
0.104	0.001	0.894	0.001
0.001	0.815	0.183	0.001
0.001	0.997	0.001	0.001
0.001	0.063	0.001	0.935
>CAGTGGTTTC	16-CAGTGGTTTC	9.340456	-18.860208	0	T:31.0(4.11%),B:540.5(1.18%),P:1e-8	Tpos:161.3,Tstd:98.5,Bpos:171.6,Bstd:104.1,StrandBias:-1.0,Multiplicity:1.00
0.001	0.921	0.077	0.001
0.952	0.001	0.046	0.001
0.047	0.035	0.847	0.071
0.001	0.001	0.001	0.997
0.001	0.062	0.872	0.065
0.034	0.001	0.933	0.032
0.054	0.026	0.001	0.919
0.001	0.147	0.032	0.820
0.001	0.001	0.001	0.997
0.043	0.889	0.044	0.024
>CAGAGAACTT	17-CAGAGAACTT	7.504552	-17.778905	0	T:45.0(5.97%),B:1056.3(2.30%),P:1e-7	Tpos:175.3,Tstd:105.6,Bpos:169.3,Bstd:101.9,StrandBias:0.1,Multiplicity:1.04
0.043	0.805	0.080	0.072
0.794	0.096	0.029	0.081
0.087	0.098	0.774	0.041
0.791	0.042	0.059	0.108
0.029	0.059	0.872	0.040
0.763	0.097	0.040	0.100
0.796	0.083	0.069	0.052
0.050	0.820	0.071	0.059
0.088	0.028	0.108	0.776
0.087	0.042	0.055	0.816
>CAACTGGGAT	18-CAACTGGGAT	10.697188	-15.917108	0	T:10.0(1.33%),B:57.4(0.12%),P:1e-6	Tpos:170.9,Tstd:80.5,Bpos:165.8,Bstd:82.8,StrandBias:-1.2,Multiplicity:1.00
0.001	0.997	0.001	0.001
0.997	0.001	0.001	0.001
0.997	0.001	0.001	0.001
0.001	0.730	0.268	0.001
0.001	0.001	0.001	0.997
0.001	0.001	0.997	0.001
0.001	0.001	0.997	0.001
0.001	0.001	0.819	0.179
0.898	0.001	0.100	0.001
0.001	0.001	0.001	0.997
>GCCGCGGCGC	19-GCCGCGGCGC	9.256692	-15.832589	0	T:93.0(12.33%),B:3211.9(6.99%),P:1e-6	Tpos:206.5,Tstd:95.0,Bpos:215.8,Bstd:101.0,StrandBias:-0.1,Multiplicity:1.23
0.001	0.001	0.795	0.203
0.161	0.561	0.277	0.001
0.125	0.709	0.165	0.001
0.001	0.159	0.839	0.001
0.001	0.873	0.125	0.001
0.001	0.198	0.639	0.162
0.001	0.001	0.997	0.001
0.001	0.908	0.090	0.001
0.168	0.106	0.699	0.027
0.148	0.605	0.246	0.001
>AGCGTTGGTC	20-AGCGTTGGTC	10.296193	-12.997649	0	T:4.0(0.53%),B:3.5(0.01%),P:1e-5	Tpos:179.2,Tstd:87.9,Bpos:105.5,Bstd:30.4,StrandBias:0.0,Multiplicity:1.00
0.700	0.100	0.100	0.100
0.100	0.100	0.700	0.100
0.100	0.700	0.100	0.100
0.100	0.100	0.700	0.100
0.100	0.100	0.100	0.700
0.100	0.100	0.100	0.700
0.100	0.100	0.700	0.100
0.100	0.100	0.700	0.100
0.100	0.100	0.100	0.700
0.100	0.700	0.100	0.100
>GGGAAWTTCCCH	1-GGGAAWTTCCCH	9.322594	-55.010128	0	T:59.0(7.82%),B:652.7(1.42%),P:1e-23	Tpos:201.3,Tstd:97.2,Bpos:175.1,Bstd:96.3,StrandBias:0.1,Multiplicity:1.08
0.123	0.053	0.603	0.221
0.001	0.001	0.982	0.016
0.001	0.001	0.997	0.001
0.748	0.001	0.250	0.001
0.741	0.085	0.146	0.028
0.498	0.020	0.033	0.448
0.030	0.014	0.156	0.800
0.001	0.263	0.001	0.735
0.001	0.997	0.001	0.001
0.001	0.932	0.001	0.066
0.001	0.684	0.060	0.255
0.292	0.214	0.140	0.354
>CAAATGGTTTCT	2-CAAATGGTTTCT	12.080016	-30.228633	0	T:12.0(1.59%),B:22.0(0.05%),P:1e-13	Tpos:103.0,Tstd:87.6,Bpos:154.7,Bstd:85.6,StrandBias:0.0,Multiplicity:1.00
0.001	0.852	0.146	0.001
0.997	0.001	0.001	0.001
0.997	0.001	0.001	0.001
0.997	0.001	0.001	0.001
0.001	0.001	0.001	0.997
0.001	0.001	0.997	0.001
0.147	0.001	0.754	0.098
0.001	0.146	0.001	0.852
0.001	0.107	0.001	0.891
0.001	0.121	0.001	0.877
0.146	0.852	0.001	0.001
0.001	0.001	0.001	0.997
>CCGCTCCCCAGG	3-CCGCTCCCCAGG	10.090738	-28.770648	0	T:53.0(7.03%),B:988.2(2.15%),P:1e-12	Tpos:178.9,Tstd:102.2,Bpos:188.5,Bstd:107.0,StrandBias:0.2,Multiplicity:1.04
0.025	0.827	0.113	0.035
0.048	0.833	0.036	0.083
0.077	0.058	0.801	0.064
0.019	0.910	0.046	0.025
0.092	0.054	0.126	0.728
0.001	0.874	0.090	0.035
0.023	0.825	0.078	0.074
0.024	0.901	0.017	0.058
0.017	0.846	0.115	0.022
0.766	0.098	0.059	0.077
0.057	0.031	0.869	0.043
0.043	0.094	0.826	0.037
>GCCTTGGCAAAG	4-GCCTTGGCAAAG	8.505005	-28.638386	0	T:69.0(9.15%),B:1548.9(3.37%),P:1e-12	Tpos:170.9,Tstd:101.2,Bpos:174.9,Bstd:106.6,StrandBias:-0.3,Multiplicity:1.07
0.024	0.046	0.622	0.308
0.013	0.644	0.062	0.281
0.130	0.845	0.024	0.001
0.029	0.264	0.130	0.577
0.001	0.087	0.076	0.836
0.001	0.019	0.666	0.314
0.065	0.024	0.839	0.072
0.210	0.610	0.151	0.029
0.721	0.211	0.044	0.024
0.856	0.015	0.128	0.001
0.898	0.001	0.078	0.023
0.047	0.001	0.941	0.011
>CTTGGAAGCTTC	5-CTTGGAAGCTTC	13.593274	-27.986393	0	T:8.0(1.06%),B:3.3(0.01%),P:1e-12	Tpos:212.5,Tstd:76.4,Bpos:156.8,Bstd:95.5,StrandBias:0.7,Multiplicity:1.00
0.001	0.997	0.001	0.001
0.001	0.001	0.001	0.997
0.001	0.001	0.001	0.997
0.140	0.001	0.719	0.140
0.001	0.001	0.997	0.001
0.997	0.001	0.001	0.001
0.997	0.001	0.001	0.001
0.001	0.001	0.859	0.139
0.067	0.792	0.001	0.140
0.001	0.001	0.001	0.997
0.001	0.001	0.116	0.882
0.001	0.859	0.001	0.139
>GTTCCAACGCCC	6-GTTCCAACGCCC	10.709377	-27.048934	0	T:19.0(2.52%),B:122.1(0.27%),P:1e-11	Tpos:186.5,Tstd:100.5,Bpos:203.2,Bstd:97.1,StrandBias:0.0,Multiplicity:1.00
0.080	0.001	0.715	0.204
0.001	0.049	0.219	0.731
0.001	0.001	0.176	0.822
0.092	0.614	0.293	0.001
0.001	0.997	0.001	0.001
0.948	0.050	0.001	0.001
0.793	0.153	0.053	0.001
0.001	0.997	0.001	0.001
0.066	0.096	0.525	0.313
0.001	0.628	0.001	0.370
0.001	0.997	0.001	0.001
0.001	0.997	0.001	0.001
>AGTTTCAGTTTC	7-AGTTTCAGTTTC	9.659802	-26.381373	0	T:39.0(5.17%),B:610.2(1.33%),P:1e-11	Tpos:210.1,Tstd:84.8,Bpos:195.2,Bstd:107.0,StrandBias:-0.3,Multiplicity:1.26
0.748	0.065	0.120	0.067
0.072	0.074	0.827	0.027
0.036	0.119	0.065	0.780
0.015	0.014	0.001	0.970
0.092	0.032	0.073	0.803
0.055	0.731	0.120	0.094
0.774	0.001	0.089	0.136
0.043	0.129	0.742	0.086
0.032	0.013	0.047	0.908
0.025	0.025	0.001	0.949
0.001	0.070	0.001	0.928
0.048	0.847	0.042	0.063
>CTTAGACACGGG	8-CTTAGACACGGG	13.079034	-25.960846	0	T:8.0(1.06%),B:5.7(0.01%),P:1e-11	Tpos:186.2,Tstd:73.9,Bpos:135.6,Bstd:116.7,StrandBias:0.0,Multiplicity:1.00
0.001	0.997	0.001	0.001
0.001	0.319	0.001	0.679
0.001	0.164	0.001	0.834
0.670	0.001	0.001	0.328
0.001	0.001	0.997	0.001
0.997	0.001	0.001	0.001
0.001	0.997	0.001	0.001
0.997	0.001	0.001	0.001
0.001	0.834	0.164	0.001
0.301	0.001	0.697	0.001
0.001	0.001	0.997	0.001
0.328	0.001	0.670	0.001
>GCCCGGGAGGAG	9-GCCCGGGAGGAG	10.498345	-25.360670	0	T:32.0(4.24%),B:433.4(0.94%),P:1e-11	Tpos:172.4,Tstd:93.2,Bpos:189.7,Bstd:94.5,StrandBias:0.0,Multiplicity:1.00
0.266	0.061	0.590	0.083
0.042	0.622	0.099	0.237
0.251	0.528	0.179	0.042
0.019	0.775	0.012	0.194
0.054	0.001	0.774	0.171
0.041	0.041	0.917	0.001
0.001	0.052	0.904	0.043
0.719	0.115	0.104	0.062
0.126	0.028	0.804	0.042
0.042	0.043	0.803	0.112
0.557	0.224	0.162	0.057
0.149	0.137	0.545	0.169
>CGCGGCGGCTCA	10-CGCGGCGGCTCA	11.716262	-25.182106	0	T:17.0(2.25%),B:103.4(0.22%),P:1e-10	Tpos:213.8,Tstd:88.9,Bpos:215.6,Bstd:93.0,StrandBias:0.3,Multiplicity:1.06
0.001	0.997	0.001	0.001
0.001	0.079	0.919	0.001
0.001	0.997	0.001	0.001
0.001	0.103	0.825	0.071
0.001	0.063	0.935	0.001
0.139	0.859	0.001	0.001
0.001	0.001	0.882	0.116
0.019	0.103	0.877	0.001
0.001	0.997	0.001	0.001
0.001	0.001	0.057	0.941
0.001	0.928	0.070	0.001
0.842	0.071	0.086	0.001
>TCAATGCTGAGG	11-TCAATGCTGAGG	13.995180	-24.379975	0	T:8.0(1.06%),B:7.8(0.02%),P:1e-10	Tpos:211.4,Tstd:109.4,Bpos:140.2,Bstd:102.4,StrandBias:0.7,Multiplicity:1.00
0.001	0.161	0.161	0.677
0.193	0.805	0.001	0.001
0.997	0.001	0.001	0.001
0.838	0.160	0.001	0.001
0.001	0.001	0.001	0.997
0.160	0.001	0.838	0.001
0.001	0.997	0.001	0.001
0.001	0.001	0.001	0.997
0.001	0.001	0.997	0.001
0.997	0.001	0.001	0.001
0.001	0.001	0.997	0.001
0.001	0.001	0.997	0.001
>GCTCCCTCATGG	12-GCTCCCTCATGG	13.458901	-23.775155	0	T:9.0(1.19%),B:14.2(0.03%),P:1e-10	Tpos:171.2,Tstd:112.0,Bpos:169.6,Bstd:102.1,StrandBias:-0.3,Multiplicity:1.00
0.001	0.001	0.997	0.001
0.001	0.997	0.001	0.001
0.001	0.001	0.001	0.997
0.001	0.854	0.001	0.144
0.001	0.997	0.001	0.001
0.174	0.824	0.001	0.001
0.001	0.001	0.001	0.997
0.001	0.997	0.001	0.001
0.892	0.001	0.106	0.001
0.001	0.174	0.252	0.573
0.001	0.001	0.997	0.001
0.001	0.001	0.997	0.001
>AGAGCCGGGGAC	13-AGAGCCGGGGAC	12.182695	-23.645638	0	T:16.0(2.12%),B:98.3(0.21%),P:1e-10	Tpos:158.4,Tstd:100.1,Bpos:190.4,Bstd:119.6,StrandBias:0.7,Multiplicity:1.00
0.923	0.001	0.075	0.001
0.001	0.001	0.997	0.001
0.997	0.001	0.001	0.001
0.001	0.001	0.997	0.001
0.001	0.997	0.001	0.001
0.118	0.806	0.001	0.075
0.031	0.070	0.795	0.104
0.127	0.171	0.701	0.001
0.001	0.001	0.997	0.001
0.117	0.001	0.881	0.001
0.997	0.001	0.001	0.001
0.001	0.909	0.089	0.001
>AAGAAACCACTG	14-AAGAAACCACTG	10.824955	-23.245137	0	T:16.0(2.12%),B:101.4(0.22%),P:1e-10	Tpos:204.6,Tstd:90.1,Bpos:185.8,Bstd:105.4,StrandBias:0.7,Multiplicity:1.00
0.738	0.182	0.079	0.001
0.604	0.001	0.183	0.212
0.065	0.001	0.933	0.001
0.815	0.148	0.001	0.036
0.706	0.084	0.209	0.001
0.759	0.005	0.156	0.080
0.099	0.808	0.040	0.053
0.110	0.888	0.001	0.001
0.730	0.109	0.080	0.081
0.056	0.607	0.098	0.239
0.054	0.189	0.002	0.755
0.001	0.037	0.961	0.001
>CTGGTTGACAAA	15-CTGGTTGACAAA	13.414697	-22.887724	0	T:9.0(1.19%),B:16.4(0.04%),P:1e-9	Tpos:183.6,Tstd:78.0,Bpos:195.0,Bstd:90.5,StrandBias:1.0,Multiplicity:1.00
0.001	0.829	0.001	0.169
0.001	0.001	0.001	0.997
0.169	0.001	0.829	0.001
0.001	0.001	0.997	0.001
0.001	0.124	0.001	0.874
0.001	0.001	0.001	0.997
0.103	0.001	0.895	0.001
0.997	0.001	0.001	0.001
0.001	0.659	0.339	0.001
0.997	0.001	0.001	0.001
0.997	0.001	0.001	0.001
0.997	0.001	0.001	0.001
>ABAAAAAGCCAC	16-ABAAAAAGCCAC	10.907819	-22.754484	0	T:20.0(2.65%),B:181.7(0.40%),P:1e-9	Tpos:217.2,Tstd:100.5,Bpos:164.0,Bstd:111.1,StrandBias:0.0,Multiplicity:1.00
0.866	0.065	0.001	0.068
0.170	0.231	0.246	0.353
0.760	0.078	0.161	0.001
0.997	0.001	0.001	0.001
0.921	0.077	0.001	0.001
0.818	0.052	0.065	0.065
0.934	0.001	0.001	0.064
0.003	0.117	0.879	0.001
0.001	0.959	0.039	0.001
0.001	0.996	0.002	0.001
0.921	0.001	0.001	0.077
0.118	0.610	0.194	0.078
>CACCCCGTGGAC	17-CACCCCGTGGAC	13.473878	-22.505886	0	T:8.0(1.06%),B:10.5(0.02%),P:1e-9	Tpos:162.0,Tstd:80.7,Bpos:180.2,Bstd:69.5,StrandBias:1.6,Multiplicity:1.00
0.001	0.997	0.001	0.001
0.840	0.001	0.158	0.001
0.001	0.840	0.158	0.001
0.001	0.997	0.001	0.001
0.001	0.840	0.158	0.001
0.001	0.997	0.001	0.001
0.158	0.001	0.840	0.001
0.001	0.105	0.001	0.893
0.001	0.001	0.997	0.001
0.001	0.001	0.997	0.001
0.901	0.097	0.001	0.001
0.001	0.997	0.001	0.001
>AGAGGCTGGCTT	18-AGAGGCTGGCTT	12.720154	-21.851549	0	T:13.0(1.72%),B:64.6(0.14%),P:1e-9	Tpos:208.3,Tstd:83.3,Bpos:151.1,Bstd:112.4,StrandBias:-0.2,Multiplicity:1.00
0.894	0.104	0.001	0.001
0.104	0.092	0.803	0.001
0.997	0.001	0.001	0.001
0.001	0.001	0.997	0.001
0.054	0.092	0.853	0.001
0.001	0.894	0.104	0.001
0.125	0.001	0.001	0.873
0.001	0.001	0.997	0.001
0.032	0.039	0.928	0.001
0.001	0.939	0.059	0.001
0.001	0.001	0.051	0.947
0.001	0.001	0.051	0.947
>CTAGTAGATTAG	19-CTAGTAGATTAG	7.393109	-21.407716	0	T:43.0(5.70%),B:863.7(1.88%),P:1e-9	Tpos:185.8,Tstd:92.7,Bpos:177.1,Bstd:96.9,StrandBias:-0.8,Multiplicity:1.05
0.096	0.790	0.050	0.064
0.091	0.053	0.094	0.762
0.691	0.001	0.121	0.187
0.054	0.075	0.734	0.137
0.066	0.078	0.158	0.698
0.720	0.034	0.126	0.120
0.053	0.001	0.827	0.119
0.740	0.066	0.069	0.125
0.084	0.016	0.034	0.866
0.141	0.053	0.137	0.669
0.687	0.053	0.156	0.104
0.033	0.076	0.819	0.072
>TGCGATTGTTTG	20-TGCGATTGTTTG	13.232796	-20.646072	0	T:5.0(0.66%),B:0.0(0.00%),P:1e-8	Tpos:216.0,Tstd:76.0,Bpos:0.0,Bstd:0.0,StrandBias:0.6,Multiplicity:1.00
0.001	0.001	0.006	0.992
0.001	0.001	0.997	0.001
0.001	0.569	0.125	0.305
0.007	0.007	0.866	0.120
0.997	0.001	0.001	0.001
0.152	0.160	0.001	0.687
0.001	0.001	0.264	0.734
0.001	0.087	0.905	0.007
0.153	0.153	0.006	0.688
0.001	0.001	0.001	0.997
0.001	0.001	0.001	0.997
0.001	0.001	0.992	0.006
>RGAGCGCTCAGC	21-RGAGCGCTCAGC	9.701836	-20.323091	0	T:16.0(2.12%),B:126.4(0.27%),P:1e-8	Tpos:158.7,Tstd:91.6,Bpos:207.5,Bstd:103.7,StrandBias:-0.7,Multiplicity:1.00
0.539	0.001	0.459	0.001
0.001	0.001	0.997	0.001
0.997	0.001	0.001	0.001
0.001	0.001	0.997	0.001
0.001	0.997	0.001	0.001
0.001	0.001	0.997	0.001
0.001	0.997	0.001	0.001
0.357	0.001	0.001	0.641
0.001	0.997	0.001	0.001
0.818	0.142	0.039	0.001
0.001	0.133	0.865	0.001
0.001	0.997	0.001	0.001
>TCCTACTGAAGT	22-TCCTACTGAAGT	14.535615	-20.256811	0	T:7.0(0.93%),B:8.8(0.02%),P:1e-8	Tpos:129.4,Tstd:132.3,Bpos:261.5,Bstd:82.2,StrandBias:0.4,Multiplicity:1.00
0.001	0.001	0.001	0.997
0.001	0.997	0.001	0.001
0.001	0.997	0.001	0.001
0.001	0.289	0.001	0.709
0.580	0.241	0.001	0.178
0.001	0.997	0.001	0.001
0.001	0.001	0.001	0.997
0.001	0.001	0.997	0.001
0.997	0.001	0.001	0.001
0.997	0.001	0.001	0.001
0.001	0.001	0.997	0.001
0.001	0.001	0.001	0.997
>CTTCCTCGCTGC	23-CTTCCTCGCTGC	11.436144	-19.774649	0	T:20.0(2.65%),B:218.8(0.48%),P:1e-8	Tpos:189.1,Tstd:85.8,Bpos:193.0,Bstd:102.6,StrandBias:0.0,Multiplicity:1.00
0.001	0.952	0.046	0.001
0.131	0.291	0.001	0.577
0.038	0.021	0.068	0.873
0.001	0.853	0.001	0.145
0.001	0.997	0.001	0.001
0.001	0.059	0.045	0.895
0.054	0.723	0.163	0.060
0.027	0.063	0.587	0.323
0.001	0.857	0.055	0.087
0.173	0.146	0.042	0.639
0.054	0.030	0.542	0.374
0.001	0.961	0.001	0.037
>TCCCGCCCAAGA	24-TCCCGCCCAAGA	13.043585	-19.622768	0	T:11.0(1.46%),B:49.8(0.11%),P:1e-8	Tpos:188.8,Tstd:115.9,Bpos:157.4,Bstd:84.7,StrandBias:0.8,Multiplicity:1.00
0.001	0.001	0.001	0.997
0.001	0.837	0.161	0.001
0.001	0.997	0.001	0.001
0.087	0.793	0.001	0.119
0.001	0.001	0.864	0.134
0.001	0.997	0.001	0.001
0.001	0.997	0.001	0.001
0.098	0.900	0.001	0.001
0.997	0.001	0.001	0.001
0.841	0.099	0.059	0.001
0.001	0.001	0.997	0.001
0.921	0.077	0.001	0.001
>TCCCAATCGATC	25-TCCCAATCGATC	9.520167	-16.661057	0	T:5.0(0.66%),B:4.0(0.01%),P:1e-7	Tpos:252.2,Tstd:75.9,Bpos:210.4,Bstd:74.9,StrandBias:0.7,Multiplicity:1.00
0.001	0.001	0.001	0.997
0.001	0.997	0.001	0.001
0.001	0.960	0.038	0.001
0.078	0.804	0.117	0.001
0.803	0.001	0.195	0.001
0.997	0.001	0.001	0.001
0.001	0.001	0.001	0.997
0.001	0.960	0.001	0.038
0.001	0.001	0.997	0.001
0.997	0.001	0.001	0.001
0.001	0.001	0.001	0.997
0.001	0.997	0.001	0.001
>GAAATTCC	1-GAAATTCC	7.053336	-30.243942	0	T:126.0(16.71%),B:3793.7(8.25%),P:1e-13	Tpos:176.9,Tstd:101.7,Bpos:181.3,Bstd:102.8,StrandBias:0.1,Multiplicity:1.14
0.001	0.001	0.997	0.001
0.945	0.010	0.044	0.001
0.918	0.017	0.050	0.015
0.723	0.032	0.001	0.244
0.045	0.079	0.156	0.720
0.001	0.036	0.001	0.962
0.057	0.930	0.001	0.012
0.001	0.990	0.008	0.001
>ATGASTCA	2-ATGASTCA	5.987384	-26.515706	0	T:203.0(26.92%),B:7716.3(16.79%),P:1e-11	Tpos:175.9,Tstd:97.0,Bpos:172.9,Bstd:102.5,StrandBias:0.1,Multiplicity:1.31
0.687	0.104	0.207	0.002
0.001	0.001	0.001	0.997
0.001	0.027	0.648	0.324
0.848	0.001	0.012	0.139
0.112	0.345	0.378	0.165
0.028	0.033	0.001	0.938
0.035	0.877	0.087	0.001
0.786	0.174	0.019	0.021
>GGGGGTTT	3-GGGGGTTT	6.575359	-23.720822	0	T:165.0(21.88%),B:6050.1(13.16%),P:1e-10	Tpos:159.6,Tstd:92.4,Bpos:163.8,Bstd:102.6,StrandBias:0.0,Multiplicity:1.13
0.001	0.001	0.949	0.049
0.001	0.001	0.997	0.001
0.028	0.001	0.890	0.081
0.034	0.001	0.909	0.056
0.096	0.106	0.756	0.042
0.001	0.082	0.140	0.777
0.012	0.001	0.001	0.986
0.137	0.052	0.001	0.810
>TATAAAAG	4-TATAAAAG	6.220928	-20.708672	0	T:171.0(22.68%),B:6605.5(14.37%),P:1e-8	Tpos:186.7,Tstd:99.1,Bpos:166.2,Bstd:103.7,StrandBias:0.9,Multiplicity:1.34
0.001	0.184	0.003	0.812
0.763	0.154	0.001	0.082
0.001	0.273	0.001	0.725
0.935	0.063	0.001	0.001
0.914	0.001	0.001	0.084
0.631	0.216	0.010	0.143
0.616	0.165	0.218	0.001
0.235	0.161	0.603	0.001
>AGTTTCAT	5-AGTTTCAT	7.788780	-18.121066	0	T:71.0(9.42%),B:2083.9(4.53%),P:1e-7	Tpos:193.8,Tstd:95.8,Bpos:169.6,Bstd:104.3,StrandBias:0.3,Multiplicity:1.08
0.797	0.010	0.039	0.154
0.026	0.001	0.946	0.027
0.001	0.001	0.001	0.997
0.005	0.001	0.001	0.993
0.001	0.058	0.035	0.906
0.001	0.960	0.001	0.038
0.758	0.162	0.079	0.001
0.044	0.001	0.237	0.718
>CAAGATAG	6-CAAGATAG	7.304577	-11.947686	0	T:43.0(5.70%),B:1235.5(2.69%),P:1e-5	Tpos:191.4,Tstd:97.4,Bpos:166.1,Bstd:103.5,StrandBias:-0.6,Multiplicity:1.05
0.001	0.997	0.001	0.001
0.997	0.001	0.001	0.001
0.997	0.001	0.001	0.001
0.001	0.001	0.997	0.001
0.934	0.001	0.001	0.064
0.001	0.361	0.001	0.637
0.997	0.001	0.001	0.001
0.001	0.001	0.997	0.001
>CCGGGAGG	7-CCGGGAGG	8.236954	-9.352663	0	T:68.0(9.02%),B:2549.7(5.55%),P:1e-4	Tpos:171.7,Tstd:97.1,Bpos:184.0,Bstd:102.5,StrandBias:-0.0,Multiplicity:1.12
0.100	0.700	0.100	0.100
0.100	0.700	0.100	0.100
0.100	0.100	0.700	0.100
0.100	0.100	0.700	0.100
0.100	0.100	0.700	0.100
0.700	0.100	0.100	0.100
0.100	0.100	0.700	0.100
0.100	0.100	0.700	0.100
