>GGGAATTTCC	1-GGGAATTTCC	7.493620	-58.384471	0	T:79.0(10.48%),B:1119.4(2.44%),P:1e-25	Tpos:205.6,Tstd:93.1,Bpos:182.1,Bstd:100.2,StrandBias:0.0,Multiplicity:1.06
0.009	0.029	0.927	0.035
0.001	0.024	0.974	0.001
0.001	0.001	0.978	0.020
0.937	0.001	0.061	0.001
0.822	0.108	0.018	0.052
0.292	0.007	0.001	0.700
0.026	0.001	0.017	0.956
0.029	0.014	0.001	0.956
0.001	0.997	0.001	0.001
0.026	0.959	0.001	0.014
>RTGACTCACY	2-RTGACTCACY	6.841294	-30.346435	0	T:154.0(20.42%),B:5051.2(10.99%),P:1e-13	Tpos:176.9,Tstd:96.9,Bpos:173.2,Bstd:101.8,StrandBias:-0.1,Multiplicity:1.13
0.388	0.139	0.472	0.001
0.331	0.001	0.065	0.603
0.001	0.001	0.997	0.001
0.577	0.001	0.178	0.244
0.273	0.537	0.189	0.001
0.375	0.001	0.001	0.623
0.152	0.846	0.001	0.001
0.997	0.001	0.001	0.001
0.143	0.515	0.064	0.278
0.232	0.340	0.001	0.427
>TGGTCTCTAA	3-TGGTCTCTAA	8.918886	-28.967754	0	T:37.0(4.91%),B:503.1(1.09%),P:1e-12	Tpos:150.9,Tstd:101.4,Bpos:163.2,Bstd:99.8,StrandBias:-0.6,Multiplicity:1.00
0.001	0.001	0.001	0.997
0.001	0.001	0.908	0.090
0.001	0.001	0.925	0.073
0.001	0.055	0.206	0.738
0.001	0.784	0.001	0.214
0.001	0.089	0.086	0.824
0.117	0.764	0.001	0.118
0.124	0.001	0.059	0.816
0.647	0.029	0.001	0.323
0.612	0.046	0.151	0.191
>ATGACTAATC	4-ATGACTAATC	9.768595	-27.708806	0	T:19.0(2.52%),B:117.8(0.26%),P:1e-12	Tpos:153.2,Tstd:105.4,Bpos:178.8,Bstd:99.8,StrandBias:-1.0,Multiplicity:1.11
0.729	0.104	0.166	0.001
0.001	0.001	0.001	0.997
0.001	0.116	0.882	0.001
0.997	0.001	0.001	0.001
0.001	0.825	0.001	0.173
0.001	0.001	0.001	0.997
0.926	0.072	0.001	0.001
0.893	0.105	0.001	0.001
0.001	0.001	0.060	0.938
0.001	0.856	0.063	0.080
>GAAACTCAAA	5-GAAACTCAAA	9.525893	-27.651902	0	T:33.0(4.38%),B:420.4(0.91%),P:1e-12	Tpos:169.1,Tstd:107.5,Bpos:149.2,Bstd:104.6,StrandBias:0.0,Multiplicity:1.03
0.052	0.018	0.929	0.001
0.845	0.001	0.153	0.001
0.944	0.054	0.001	0.001
0.962	0.036	0.001	0.001
0.076	0.922	0.001	0.001
0.001	0.011	0.001	0.987
0.041	0.739	0.148	0.072
0.847	0.028	0.001	0.124
0.980	0.018	0.001	0.001
0.878	0.001	0.082	0.039
>TTATAAACAC	6-TTATAAACAC	8.108661	-25.644872	0	T:40.0(5.31%),B:656.4(1.43%),P:1e-11	Tpos:173.2,Tstd:98.1,Bpos:167.9,Bstd:101.1,StrandBias:-0.6,Multiplicity:1.15
0.001	0.015	0.065	0.919
0.001	0.022	0.001	0.976
0.960	0.001	0.038	0.001
0.051	0.084	0.107	0.758
0.960	0.001	0.038	0.001
0.725	0.070	0.001	0.204
0.591	0.181	0.041	0.187
0.103	0.674	0.110	0.113
0.806	0.002	0.064	0.128
0.034	0.964	0.001	0.001
>TGGCTTTTTG	7-TGGCTTTTTG	6.739164	-23.752801	0	T:120.0(15.92%),B:3911.7(8.51%),P:1e-10	Tpos:173.0,Tstd:104.5,Bpos:166.8,Bstd:104.8,StrandBias:-0.1,Multiplicity:1.14
0.050	0.051	0.121	0.778
0.027	0.128	0.829	0.016
0.266	0.150	0.560	0.024
0.053	0.860	0.041	0.046
0.123	0.138	0.027	0.712
0.106	0.058	0.093	0.743
0.187	0.040	0.026	0.747
0.071	0.011	0.010	0.908
0.322	0.037	0.043	0.598
0.099	0.015	0.799	0.087
>GTATCTGTCA	8-GTATCTGTCA	7.332699	-23.332850	0	T:53.0(7.03%),B:1151.0(2.50%),P:1e-10	Tpos:167.1,Tstd:100.1,Bpos:171.6,Bstd:103.3,StrandBias:-0.2,Multiplicity:1.00
0.043	0.049	0.820	0.088
0.145	0.089	0.030	0.736
0.842	0.051	0.047	0.060
0.109	0.118	0.057	0.716
0.095	0.701	0.114	0.090
0.046	0.018	0.007	0.929
0.038	0.096	0.726	0.140
0.068	0.045	0.036	0.851
0.036	0.872	0.051	0.041
0.814	0.058	0.078	0.050
>ACCCGGGAGG	9-ACCCGGGAGG	9.021211	-23.203571	0	T:74.0(9.81%),B:1956.3(4.26%),P:1e-10	Tpos:175.2,Tstd:93.8,Bpos:182.2,Bstd:103.0,StrandBias:0.4,Multiplicity:1.06
0.762	0.049	0.188	0.001
0.001	0.901	0.080	0.018
0.043	0.885	0.001	0.071
0.054	0.896	0.001	0.049
0.018	0.001	0.972	0.009
0.001	0.001	0.962	0.036
0.001	0.001	0.997	0.001
0.933	0.020	0.025	0.022
0.026	0.001	0.848	0.125
0.001	0.045	0.917	0.037
>TGAAATCAGC	10-TGAAATCAGC	6.521380	-22.593976	0	T:171.0(22.68%),B:6440.2(14.01%),P:1e-9	Tpos:196.8,Tstd:98.3,Bpos:178.8,Bstd:104.6,StrandBias:-0.3,Multiplicity:1.18
0.057	0.003	0.043	0.897
0.094	0.007	0.699	0.200
0.690	0.004	0.203	0.103
0.561	0.050	0.239	0.150
0.590	0.246	0.143	0.021
0.161	0.053	0.120	0.666
0.042	0.934	0.012	0.012
0.721	0.016	0.007	0.256
0.106	0.056	0.652	0.186
0.020	0.620	0.354	0.006
>TTGCTAAGAA	11-TTGCTAAGAA	9.171620	-21.949522	0	T:30.0(3.98%),B:442.8(0.96%),P:1e-9	Tpos:157.8,Tstd:81.8,Bpos:154.0,Bstd:107.5,StrandBias:0.4,Multiplicity:1.00
0.001	0.266	0.259	0.474
0.075	0.116	0.029	0.780
0.124	0.001	0.874	0.001
0.001	0.997	0.001	0.001
0.001	0.071	0.085	0.843
0.997	0.001	0.001	0.001
0.764	0.001	0.107	0.128
0.001	0.001	0.881	0.117
0.875	0.001	0.001	0.123
0.732	0.001	0.106	0.161
>GCCTTTTATG	12-GCCTTTTATG	8.215903	-21.336265	0	T:28.0(3.71%),B:398.9(0.87%),P:1e-9	Tpos:179.4,Tstd:96.3,Bpos:194.3,Bstd:101.4,StrandBias:-1.4,Multiplicity:1.04
0.051	0.204	0.575	0.170
0.034	0.479	0.211	0.277
0.043	0.682	0.233	0.042
0.058	0.254	0.015	0.673
0.051	0.084	0.045	0.820
0.319	0.069	0.010	0.602
0.044	0.041	0.046	0.869
0.668	0.236	0.082	0.014
0.219	0.006	0.062	0.713
0.166	0.178	0.462	0.193
>GTTTCTGTAT	13-GTTTCTGTAT	9.890676	-21.101983	0	T:26.0(3.45%),B:348.8(0.76%),P:1e-9	Tpos:217.0,Tstd:95.0,Bpos:186.1,Bstd:106.6,StrandBias:-0.1,Multiplicity:1.12
0.032	0.001	0.966	0.001
0.001	0.001	0.069	0.929
0.001	0.145	0.044	0.810
0.001	0.001	0.050	0.948
0.001	0.997	0.001	0.001
0.066	0.001	0.001	0.932
0.001	0.029	0.969	0.001
0.001	0.028	0.001	0.970
0.595	0.183	0.060	0.162
0.001	0.001	0.001	0.997
>TTCTAGGATG	14-TTCTAGGATG	9.884265	-19.558656	0	T:20.0(2.65%),B:221.7(0.48%),P:1e-8	Tpos:147.4,Tstd:96.6,Bpos:163.0,Bstd:96.6,StrandBias:0.3,Multiplicity:1.00
0.001	0.001	0.001	0.997
0.097	0.051	0.040	0.812
0.001	0.878	0.063	0.058
0.049	0.029	0.001	0.921
0.779	0.097	0.123	0.001
0.046	0.001	0.893	0.060
0.071	0.001	0.927	0.001
0.922	0.028	0.049	0.001
0.001	0.001	0.001	0.997
0.001	0.001	0.936	0.062
>GGAGTTGCCT	15-GGAGTTGCCT	9.918783	-18.976179	0	T:26.0(3.45%),B:388.5(0.85%),P:1e-8	Tpos:169.7,Tstd:95.4,Bpos:183.0,Bstd:99.4,StrandBias:-0.2,Multiplicity:1.00
0.108	0.001	0.890	0.001
0.069	0.069	0.861	0.001
0.871	0.001	0.050	0.078
0.001	0.129	0.869	0.001
0.001	0.139	0.001	0.859
0.001	0.001	0.001	0.997
0.104	0.001	0.894	0.001
0.001	0.815	0.183	0.001
0.001	0.997	0.001	0.001
0.001	0.063	0.001	0.935
>CAGTGGTTTC	16-CAGTGGTTTC	9.340456	-18.860208	0	T:31.0(4.11%),B:540.5(1.18%),P:1e-8	Tpos:161.3,Tstd:98.5,Bpos:171.6,Bstd:104.1,StrandBias:-1.0,Multiplicity:1.00
0.001	0.921	0.077	0.001
0.952	0.001	0.046	0.001
0.047	0.035	0.847	0.071
0.001	0.001	0.001	0.997
0.001	0.062	0.872	0.065
0.034	0.001	0.933	0.032
0.054	0.026	0.001	0.919
0.001	0.147	0.032	0.820
0.001	0.001	0.001	0.997
0.043	0.889	0.044	0.024
>CAGAGAACTT	17-CAGAGAACTT	7.504552	-17.778905	0	T:45.0(5.97%),B:1056.3(2.30%),P:1e-7	Tpos:175.3,Tstd:105.6,Bpos:169.3,Bstd:101.9,StrandBias:0.1,Multiplicity:1.04
0.043	0.805	0.080	0.072
0.794	0.096	0.029	0.081
0.087	0.098	0.774	0.041
0.791	0.042	0.059	0.108
0.029	0.059	0.872	0.040
0.763	0.097	0.040	0.100
0.796	0.083	0.069	0.052
0.050	0.820	0.071	0.059
0.088	0.028	0.108	0.776
0.087	0.042	0.055	0.816
>CAACTGGGAT	18-CAACTGGGAT	10.697188	-15.917108	0	T:10.0(1.33%),B:57.4(0.12%),P:1e-6	Tpos:170.9,Tstd:80.5,Bpos:165.8,Bstd:82.8,StrandBias:-1.2,Multiplicity:1.00
0.001	0.997	0.001	0.001
0.997	0.001	0.001	0.001
0.997	0.001	0.001	0.001
0.001	0.730	0.268	0.001
0.001	0.001	0.001	0.997
0.001	0.001	0.997	0.001
0.001	0.001	0.997	0.001
0.001	0.001	0.819	0.179
0.898	0.001	0.100	0.001
0.001	0.001	0.001	0.997
>GCCGCGGCGC	19-GCCGCGGCGC	9.256692	-15.832589	0	T:93.0(12.33%),B:3211.9(6.99%),P:1e-6	Tpos:206.5,Tstd:95.0,Bpos:215.8,Bstd:101.0,StrandBias:-0.1,Multiplicity:1.23
0.001	0.001	0.795	0.203
0.161	0.561	0.277	0.001
0.125	0.709	0.165	0.001
0.001	0.159	0.839	0.001
0.001	0.873	0.125	0.001
0.001	0.198	0.639	0.162
0.001	0.001	0.997	0.001
0.001	0.908	0.090	0.001
0.168	0.106	0.699	0.027
0.148	0.605	0.246	0.001
>AGCGTTGGTC	20-AGCGTTGGTC	10.296193	-12.997649	0	T:4.0(0.53%),B:3.5(0.01%),P:1e-5	Tpos:179.2,Tstd:87.9,Bpos:105.5,Bstd:30.4,StrandBias:0.0,Multiplicity:1.00
0.700	0.100	0.100	0.100
0.100	0.100	0.700	0.100
0.100	0.700	0.100	0.100
0.100	0.100	0.700	0.100
0.100	0.100	0.100	0.700
0.100	0.100	0.100	0.700
0.100	0.100	0.700	0.100
0.100	0.100	0.700	0.100
0.100	0.100	0.100	0.700
0.100	0.700	0.100	0.100
