>GGGAAATTCCCH	1-GGGAAATTCCCH	8.152044	-57.595345	0	T:97.0(12.85%),B:1674.2(3.64%),P:1e-25	Tpos:201.3,Tstd:93.5,Bpos:179.8,Bstd:99.5,StrandBias:0.1,Multiplicity:1.12
0.093	0.130	0.565	0.212
0.068	0.043	0.854	0.035
0.090	0.001	0.908	0.001
0.893	0.001	0.085	0.021
0.640	0.165	0.149	0.046
0.739	0.001	0.001	0.259
0.030	0.162	0.198	0.610
0.001	0.206	0.038	0.755
0.001	0.997	0.001	0.001
0.001	0.938	0.026	0.035
0.071	0.724	0.048	0.157
0.269	0.348	0.130	0.252
>GTTCCAACGCCC	2-GTTCCAACGCCC	10.527186	-31.229890	0	T:23.0(3.05%),B:157.6(0.34%),P:1e-13	Tpos:188.6,Tstd:92.8,Bpos:195.0,Bstd:94.8,StrandBias:-0.2,Multiplicity:1.00
0.075	0.001	0.733	0.191
0.001	0.046	0.205	0.748
0.001	0.001	0.165	0.833
0.087	0.577	0.335	0.001
0.001	0.997	0.001	0.001
0.891	0.107	0.001	0.001
0.805	0.145	0.049	0.001
0.001	0.997	0.001	0.001
0.062	0.090	0.555	0.293
0.001	0.652	0.001	0.346
0.001	0.997	0.001	0.001
0.001	0.997	0.001	0.001
>CAAATGGTTTCT	3-CAAATGGTTTCT	12.047825	-30.215283	0	T:12.0(1.59%),B:22.0(0.05%),P:1e-13	Tpos:103.0,Tstd:87.6,Bpos:155.0,Bstd:85.8,StrandBias:0.0,Multiplicity:1.00
0.001	0.854	0.144	0.001
0.997	0.001	0.001	0.001
0.997	0.001	0.001	0.001
0.997	0.001	0.001	0.001
0.001	0.001	0.001	0.997
0.001	0.001	0.997	0.001
0.144	0.001	0.759	0.096
0.001	0.144	0.001	0.854
0.001	0.120	0.001	0.878
0.001	0.120	0.001	0.878
0.144	0.854	0.001	0.001
0.001	0.001	0.001	0.997
>AKAAAAAGCCAC	4-AKAAAAAGCCAC	12.455027	-28.267195	0	T:13.0(1.72%),B:35.1(0.08%),P:1e-12	Tpos:195.8,Tstd:100.2,Bpos:163.1,Bstd:116.0,StrandBias:0.7,Multiplicity:1.00
0.882	0.001	0.001	0.116
0.097	0.064	0.474	0.364
0.826	0.001	0.172	0.001
0.997	0.001	0.001	0.001
0.997	0.001	0.001	0.001
0.764	0.234	0.001	0.001
0.997	0.001	0.001	0.001
0.141	0.094	0.764	0.001
0.001	0.997	0.001	0.001
0.001	0.997	0.001	0.001
0.997	0.001	0.001	0.001
0.001	0.545	0.313	0.141
>CTTGGAAGCTTC	5-CTTGGAAGCTTC	13.593274	-27.977331	0	T:8.0(1.06%),B:3.2(0.01%),P:1e-12	Tpos:212.5,Tstd:76.4,Bpos:157.1,Bstd:95.5,StrandBias:0.7,Multiplicity:1.00
0.001	0.997	0.001	0.001
0.001	0.001	0.001	0.997
0.001	0.001	0.001	0.997
0.140	0.001	0.719	0.140
0.001	0.001	0.997	0.001
0.997	0.001	0.001	0.001
0.997	0.001	0.001	0.001
0.001	0.001	0.859	0.139
0.067	0.792	0.001	0.140
0.001	0.001	0.001	0.997
0.001	0.001	0.116	0.882
0.001	0.859	0.001	0.139
>GCCTTGGCAAAG	6-GCCTTGGCAAAG	8.689076	-27.896876	0	T:61.0(8.08%),B:1284.1(2.79%),P:1e-12	Tpos:157.7,Tstd:102.0,Bpos:175.6,Bstd:107.9,StrandBias:-0.5,Multiplicity:1.05
0.023	0.020	0.678	0.279
0.001	0.688	0.023	0.288
0.147	0.829	0.023	0.001
0.027	0.237	0.097	0.639
0.001	0.081	0.072	0.846
0.001	0.045	0.721	0.233
0.099	0.023	0.816	0.062
0.207	0.572	0.124	0.097
0.614	0.273	0.090	0.023
0.847	0.014	0.138	0.001
0.886	0.016	0.075	0.023
0.045	0.001	0.944	0.010
>GCCCGGGAGGAG	7-GCCCGGGAGGAG	9.453096	-25.968555	0	T:68.0(9.01%),B:1606.9(3.49%),P:1e-11	Tpos:187.1,Tstd:99.1,Bpos:189.9,Bstd:103.5,StrandBias:0.0,Multiplicity:1.03
0.063	0.054	0.846	0.037
0.057	0.833	0.065	0.045
0.039	0.848	0.062	0.051
0.076	0.827	0.031	0.066
0.075	0.024	0.824	0.077
0.060	0.041	0.868	0.031
0.062	0.070	0.831	0.037
0.826	0.060	0.056	0.058
0.086	0.084	0.795	0.035
0.045	0.028	0.839	0.088
0.801	0.069	0.049	0.081
0.044	0.066	0.872	0.018
>AGTTTCAGTTTC	8-AGTTTCAGTTTC	9.049514	-25.935437	0	T:50.0(6.62%),B:966.3(2.10%),P:1e-11	Tpos:196.1,Tstd:92.3,Bpos:187.4,Bstd:107.9,StrandBias:0.2,Multiplicity:1.24
0.737	0.108	0.100	0.055
0.055	0.070	0.874	0.001
0.036	0.049	0.108	0.807
0.001	0.001	0.001	0.997
0.109	0.054	0.069	0.768
0.045	0.695	0.190	0.070
0.731	0.001	0.046	0.222
0.072	0.068	0.733	0.127
0.054	0.001	0.078	0.867
0.001	0.020	0.001	0.978
0.001	0.118	0.001	0.880
0.040	0.786	0.070	0.104
>CGCGGCGGCTCA	9-CGCGGCGGCTCA	11.716262	-25.302190	0	T:17.0(2.25%),B:102.6(0.22%),P:1e-10	Tpos:213.8,Tstd:88.9,Bpos:215.8,Bstd:92.6,StrandBias:0.3,Multiplicity:1.06
0.001	0.997	0.001	0.001
0.001	0.079	0.919	0.001
0.001	0.997	0.001	0.001
0.001	0.103	0.825	0.071
0.001	0.063	0.935	0.001
0.139	0.859	0.001	0.001
0.001	0.001	0.882	0.116
0.019	0.103	0.877	0.001
0.001	0.997	0.001	0.001
0.001	0.001	0.057	0.941
0.001	0.928	0.070	0.001
0.842	0.071	0.086	0.001
>CTTTAAAGCATG	10-CTTTAAAGCATG	9.698610	-24.885754	0	T:24.0(3.18%),B:243.0(0.53%),P:1e-10	Tpos:182.0,Tstd:99.5,Bpos:163.0,Bstd:97.8,StrandBias:-0.7,Multiplicity:1.08
0.069	0.721	0.001	0.209
0.052	0.001	0.001	0.946
0.057	0.001	0.001	0.941
0.001	0.001	0.050	0.948
0.601	0.054	0.001	0.344
0.760	0.139	0.069	0.032
0.821	0.001	0.001	0.177
0.001	0.035	0.963	0.001
0.322	0.608	0.001	0.069
0.539	0.127	0.333	0.001
0.172	0.001	0.001	0.826
0.068	0.001	0.930	0.001
>AAGAAACCACTG	11-AAGAAACCACTG	11.801783	-24.377412	0	T:12.0(1.59%),B:39.2(0.09%),P:1e-10	Tpos:202.0,Tstd:86.1,Bpos:191.0,Bstd:81.7,StrandBias:1.0,Multiplicity:1.00
0.997	0.001	0.001	0.001
0.895	0.001	0.103	0.001
0.025	0.001	0.973	0.001
0.997	0.001	0.001	0.001
0.626	0.227	0.146	0.001
0.997	0.001	0.001	0.001
0.025	0.973	0.001	0.001
0.001	0.997	0.001	0.001
0.997	0.001	0.001	0.001
0.227	0.771	0.001	0.001
0.001	0.227	0.001	0.771
0.001	0.001	0.997	0.001
>GCTCCCTCATGG	12-GCTCCCTCATGG	13.458901	-23.765130	0	T:9.0(1.19%),B:14.2(0.03%),P:1e-10	Tpos:171.2,Tstd:112.0,Bpos:169.0,Bstd:102.2,StrandBias:-0.3,Multiplicity:1.00
0.001	0.001	0.997	0.001
0.001	0.997	0.001	0.001
0.001	0.001	0.001	0.997
0.001	0.854	0.001	0.144
0.001	0.997	0.001	0.001
0.174	0.824	0.001	0.001
0.001	0.001	0.001	0.997
0.001	0.997	0.001	0.001
0.892	0.001	0.106	0.001
0.001	0.174	0.252	0.573
0.001	0.001	0.997	0.001
0.001	0.001	0.997	0.001
>CGGGGCTGCGCC	13-CGGGGCTGCGCC	12.484012	-23.657870	0	T:20.0(2.65%),B:171.1(0.37%),P:1e-10	Tpos:164.6,Tstd:85.6,Bpos:187.6,Bstd:85.2,StrandBias:0.6,Multiplicity:1.00
0.001	0.966	0.001	0.032
0.086	0.067	0.786	0.061
0.001	0.026	0.972	0.001
0.037	0.042	0.920	0.001
0.001	0.001	0.935	0.063
0.086	0.866	0.047	0.001
0.001	0.001	0.055	0.943
0.001	0.032	0.851	0.116
0.001	0.997	0.001	0.001
0.103	0.047	0.799	0.051
0.001	0.984	0.014	0.001
0.001	0.997	0.001	0.001
>AGAGCCGGGGAC	14-AGAGCCGGGGAC	12.193660	-23.629012	0	T:16.0(2.12%),B:98.1(0.21%),P:1e-10	Tpos:158.4,Tstd:100.1,Bpos:190.5,Bstd:119.5,StrandBias:0.7,Multiplicity:1.00
0.923	0.001	0.075	0.001
0.001	0.001	0.997	0.001
0.997	0.001	0.001	0.001
0.001	0.001	0.997	0.001
0.001	0.997	0.001	0.001
0.118	0.805	0.001	0.076
0.031	0.070	0.800	0.099
0.127	0.172	0.700	0.001
0.001	0.001	0.997	0.001
0.118	0.001	0.880	0.001
0.997	0.001	0.001	0.001
0.001	0.909	0.089	0.001
>CTGGTTGACAAA	15-CTGGTTGACAAA	13.414697	-22.877732	0	T:9.0(1.19%),B:16.4(0.04%),P:1e-9	Tpos:183.6,Tstd:78.0,Bpos:195.2,Bstd:90.5,StrandBias:1.0,Multiplicity:1.00
0.001	0.829	0.001	0.169
0.001	0.001	0.001	0.997
0.169	0.001	0.829	0.001
0.001	0.001	0.997	0.001
0.001	0.124	0.001	0.874
0.001	0.001	0.001	0.997
0.103	0.001	0.895	0.001
0.997	0.001	0.001	0.001
0.001	0.659	0.339	0.001
0.997	0.001	0.001	0.001
0.997	0.001	0.001	0.001
0.997	0.001	0.001	0.001
>CACCCCGTGGAC	16-CACCCCGTGGAC	13.473878	-22.496939	0	T:8.0(1.06%),B:10.6(0.02%),P:1e-9	Tpos:162.0,Tstd:80.7,Bpos:180.6,Bstd:69.8,StrandBias:1.6,Multiplicity:1.00
0.001	0.997	0.001	0.001
0.840	0.001	0.158	0.001
0.001	0.840	0.158	0.001
0.001	0.997	0.001	0.001
0.001	0.840	0.158	0.001
0.001	0.997	0.001	0.001
0.158	0.001	0.840	0.001
0.001	0.105	0.001	0.893
0.001	0.001	0.997	0.001
0.001	0.001	0.997	0.001
0.901	0.097	0.001	0.001
0.001	0.997	0.001	0.001
>CACCACCACCTG	17-CACCACCACCTG	12.890908	-22.007909	0	T:13.0(1.72%),B:63.6(0.14%),P:1e-9	Tpos:174.5,Tstd:105.4,Bpos:170.7,Bstd:94.4,StrandBias:1.2,Multiplicity:1.00
0.001	0.859	0.139	0.001
0.905	0.001	0.001	0.093
0.086	0.873	0.040	0.001
0.001	0.997	0.001	0.001
0.938	0.001	0.001	0.060
0.001	0.997	0.001	0.001
0.001	0.997	0.001	0.001
0.828	0.061	0.001	0.110
0.001	0.905	0.093	0.001
0.139	0.859	0.001	0.001
0.001	0.001	0.001	0.997
0.001	0.085	0.913	0.001
>AGAGGCTGGCTT	18-AGAGGCTGGCTT	12.720154	-21.837786	0	T:13.0(1.72%),B:64.7(0.14%),P:1e-9	Tpos:208.3,Tstd:83.3,Bpos:151.4,Bstd:112.6,StrandBias:-0.2,Multiplicity:1.00
0.894	0.104	0.001	0.001
0.104	0.092	0.803	0.001
0.997	0.001	0.001	0.001
0.001	0.001	0.997	0.001
0.054	0.092	0.853	0.001
0.001	0.894	0.104	0.001
0.125	0.001	0.001	0.873
0.001	0.001	0.997	0.001
0.032	0.039	0.928	0.001
0.001	0.939	0.059	0.001
0.001	0.001	0.051	0.947
0.001	0.001	0.051	0.947
>CTTAGACACGGG	19-CTTAGACACGGG	13.862012	-21.467857	0	T:6.0(0.79%),B:2.0(0.00%),P:1e-9	Tpos:159.7,Tstd:70.3,Bpos:44.0,Bstd:14.8,StrandBias:0.0,Multiplicity:1.00
0.001	0.997	0.001	0.001
0.001	0.142	0.001	0.856
0.171	0.171	0.001	0.657
0.828	0.001	0.170	0.001
0.001	0.001	0.997	0.001
0.997	0.001	0.001	0.001
0.001	0.997	0.001	0.001
0.997	0.001	0.001	0.001
0.001	0.828	0.170	0.001
0.001	0.001	0.997	0.001
0.001	0.001	0.997	0.001
0.001	0.001	0.997	0.001
>AGAGCGCTCSGC	20-AGAGCGCTCSGC	11.937510	-21.395342	0	T:16.0(2.12%),B:116.0(0.25%),P:1e-9	Tpos:158.7,Tstd:91.6,Bpos:205.8,Bstd:97.6,StrandBias:-0.7,Multiplicity:1.00
0.668	0.001	0.330	0.001
0.001	0.001	0.997	0.001
0.997	0.001	0.001	0.001
0.001	0.001	0.997	0.001
0.001	0.997	0.001	0.001
0.001	0.001	0.997	0.001
0.001	0.997	0.001	0.001
0.272	0.001	0.001	0.726
0.001	0.997	0.001	0.001
0.083	0.421	0.495	0.001
0.001	0.379	0.619	0.001
0.001	0.997	0.001	0.001
>TGCGATTGTTTG	21-TGCGATTGTTTG	13.232796	-20.640391	0	T:5.0(0.66%),B:0.0(0.00%),P:1e-8	Tpos:216.0,Tstd:76.0,Bpos:0.0,Bstd:0.0,StrandBias:0.6,Multiplicity:1.00
0.001	0.001	0.006	0.992
0.001	0.001	0.997	0.001
0.001	0.569	0.125	0.305
0.007	0.007	0.866	0.120
0.997	0.001	0.001	0.001
0.152	0.160	0.001	0.687
0.001	0.001	0.264	0.734
0.001	0.087	0.905	0.007
0.153	0.153	0.006	0.688
0.001	0.001	0.001	0.997
0.001	0.001	0.001	0.997
0.001	0.001	0.992	0.006
>TCCTACTGAAGT	22-TCCTACTGAAGT	14.535615	-20.248975	0	T:7.0(0.93%),B:8.9(0.02%),P:1e-8	Tpos:129.4,Tstd:132.3,Bpos:261.6,Bstd:82.5,StrandBias:0.4,Multiplicity:1.00
0.001	0.001	0.001	0.997
0.001	0.997	0.001	0.001
0.001	0.997	0.001	0.001
0.001	0.289	0.001	0.709
0.580	0.241	0.001	0.178
0.001	0.997	0.001	0.001
0.001	0.001	0.001	0.997
0.001	0.001	0.997	0.001
0.997	0.001	0.001	0.001
0.997	0.001	0.001	0.001
0.001	0.001	0.997	0.001
0.001	0.001	0.001	0.997
>TCCCGCCCAAGA	23-TCCCGCCCAAGA	13.046614	-19.611042	0	T:11.0(1.46%),B:49.7(0.11%),P:1e-8	Tpos:188.8,Tstd:115.9,Bpos:157.4,Bstd:84.4,StrandBias:0.8,Multiplicity:1.00
0.001	0.001	0.001	0.997
0.001	0.836	0.162	0.001
0.001	0.997	0.001	0.001
0.087	0.792	0.001	0.120
0.001	0.001	0.863	0.135
0.001	0.997	0.001	0.001
0.001	0.997	0.001	0.001
0.092	0.906	0.001	0.001
0.997	0.001	0.001	0.001
0.840	0.100	0.059	0.001
0.001	0.001	0.997	0.001
0.921	0.077	0.001	0.001
>CTAGTAGATTAG	24-CTAGTAGATTAG	7.540126	-19.509822	0	T:38.0(5.03%),B:749.6(1.63%),P:1e-8	Tpos:195.8,Tstd:94.4,Bpos:179.6,Bstd:95.3,StrandBias:-0.5,Multiplicity:1.06
0.092	0.780	0.048	0.080
0.088	0.051	0.090	0.771
0.702	0.001	0.117	0.180
0.052	0.072	0.744	0.132
0.064	0.076	0.189	0.671
0.730	0.033	0.121	0.116
0.051	0.001	0.833	0.115
0.733	0.081	0.066	0.120
0.081	0.033	0.033	0.853
0.154	0.051	0.132	0.663
0.698	0.051	0.150	0.101
0.032	0.073	0.825	0.070
>TCCCAATCGATC	25-TCCCAATCGATC	9.520167	-15.857942	0	T:5.0(0.66%),B:4.0(0.01%),P:1e-6	Tpos:252.2,Tstd:75.9,Bpos:210.7,Bstd:75.3,StrandBias:0.7,Multiplicity:1.00
0.001	0.001	0.001	0.997
0.001	0.997	0.001	0.001
0.001	0.960	0.038	0.001
0.078	0.804	0.117	0.001
0.803	0.001	0.195	0.001
0.997	0.001	0.001	0.001
0.001	0.001	0.001	0.997
0.001	0.960	0.001	0.038
0.001	0.001	0.997	0.001
0.997	0.001	0.001	0.001
0.001	0.001	0.001	0.997
0.001	0.997	0.001	0.001
