>GGGAATTTCC	1-GGGAATTTCC	7.494646	-57.766890	0	T:79.0(10.41%),B:1123.3(2.44%),P:1e-25	Tpos:205.6,Tstd:93.1,Bpos:182.3,Bstd:100.2,StrandBias:0.0,Multiplicity:1.06
0.009	0.029	0.927	0.035
0.001	0.023	0.975	0.001
0.001	0.001	0.978	0.020
0.937	0.001	0.061	0.001
0.823	0.108	0.017	0.052
0.292	0.007	0.001	0.700
0.026	0.001	0.017	0.956
0.029	0.014	0.001	0.956
0.001	0.997	0.001	0.001
0.026	0.959	0.001	0.014
>ATTTCCTAAW	2-ATTTCCTAAW	7.751679	-33.845562	0	T:82.0(10.80%),B:1831.8(3.98%),P:1e-14	Tpos:173.4,Tstd:86.4,Bpos:150.0,Bstd:98.3,StrandBias:0.1,Multiplicity:1.17
0.752	0.001	0.246	0.001
0.001	0.030	0.001	0.968
0.110	0.047	0.001	0.842
0.107	0.001	0.001	0.891
0.127	0.618	0.254	0.001
0.129	0.869	0.001	0.001
0.119	0.293	0.001	0.587
0.929	0.069	0.001	0.001
0.878	0.001	0.001	0.120
0.312	0.215	0.047	0.426
>GAAACTSAAA	3-GAAACTSAAA	9.036564	-28.159906	0	T:44.0(5.80%),B:715.7(1.56%),P:1e-12	Tpos:165.0,Tstd:103.7,Bpos:154.2,Bstd:105.2,StrandBias:-0.2,Multiplicity:1.09
0.122	0.175	0.702	0.001
0.776	0.001	0.222	0.001
0.966	0.032	0.001	0.001
0.886	0.112	0.001	0.001
0.326	0.672	0.001	0.001
0.001	0.044	0.001	0.954
0.153	0.389	0.288	0.170
0.722	0.123	0.001	0.154
0.908	0.090	0.001	0.001
0.493	0.001	0.320	0.185
>TTATAAWCAC	4-TTATAAWCAC	6.343560	-27.236895	0	T:35.0(4.61%),B:477.1(1.04%),P:1e-11	Tpos:169.6,Tstd:100.9,Bpos:168.2,Bstd:99.6,StrandBias:-0.8,Multiplicity:1.09
0.024	0.146	0.220	0.610
0.022	0.214	0.032	0.732
0.675	0.043	0.253	0.029
0.171	0.201	0.227	0.401
0.693	0.026	0.250	0.031
0.479	0.187	0.034	0.300
0.382	0.221	0.154	0.242
0.220	0.393	0.218	0.169
0.412	0.207	0.152	0.230
0.260	0.675	0.026	0.039
>TGGTCTCTAA	5-TGGTCTCTAA	8.775232	-27.222556	0	T:37.0(4.87%),B:532.3(1.16%),P:1e-11	Tpos:146.9,Tstd:99.1,Bpos:159.6,Bstd:99.4,StrandBias:-0.4,Multiplicity:1.00
0.001	0.001	0.001	0.997
0.001	0.001	0.911	0.087
0.003	0.001	0.925	0.071
0.001	0.053	0.196	0.750
0.001	0.824	0.001	0.174
0.001	0.120	0.083	0.796
0.140	0.707	0.001	0.152
0.119	0.001	0.057	0.823
0.657	0.028	0.001	0.314
0.626	0.044	0.145	0.185
>CCRGGATGAV	6-CCRGGATGAV	6.763270	-25.755304	0	T:52.0(6.85%),B:1033.7(2.25%),P:1e-11	Tpos:186.0,Tstd:89.8,Bpos:186.0,Bstd:105.7,StrandBias:-0.1,Multiplicity:1.02
0.276	0.463	0.217	0.045
0.234	0.434	0.279	0.053
0.340	0.194	0.422	0.044
0.107	0.081	0.717	0.095
0.235	0.092	0.604	0.069
0.763	0.068	0.079	0.090
0.063	0.135	0.245	0.557
0.089	0.197	0.482	0.232
0.714	0.136	0.076	0.074
0.254	0.302	0.401	0.042
>GGAGTTGCCT	7-GGAGTTGCCT	9.005013	-25.368601	0	T:39.0(5.14%),B:628.9(1.37%),P:1e-11	Tpos:171.6,Tstd:97.2,Bpos:171.8,Bstd:103.2,StrandBias:0.2,Multiplicity:1.00
0.060	0.001	0.938	0.001
0.040	0.040	0.919	0.001
0.925	0.001	0.029	0.045
0.049	0.075	0.846	0.030
0.001	0.122	0.001	0.876
0.001	0.001	0.001	0.997
0.061	0.032	0.881	0.026
0.081	0.754	0.104	0.061
0.053	0.945	0.001	0.001
0.021	0.037	0.001	0.941
>TGGCTTTTTG	8-TGGCTTTTTG	7.274944	-24.694972	0	T:80.0(10.54%),B:2116.9(4.60%),P:1e-10	Tpos:167.8,Tstd:106.9,Bpos:164.6,Bstd:107.1,StrandBias:0.0,Multiplicity:1.06
0.062	0.058	0.084	0.796
0.022	0.086	0.867	0.025
0.115	0.066	0.783	0.036
0.057	0.836	0.059	0.048
0.122	0.115	0.053	0.710
0.098	0.035	0.065	0.802
0.089	0.059	0.034	0.818
0.050	0.050	0.039	0.861
0.151	0.075	0.072	0.702
0.074	0.031	0.832	0.063
>GTATCTGTCA	9-GTATCTGTCA	6.479249	-24.370128	0	T:28.0(3.69%),B:343.7(0.75%),P:1e-10	Tpos:145.2,Tstd:91.3,Bpos:181.4,Bstd:105.5,StrandBias:0.1,Multiplicity:1.00
0.186	0.224	0.519	0.071
0.265	0.107	0.135	0.494
0.596	0.115	0.211	0.078
0.109	0.092	0.209	0.590
0.226	0.420	0.091	0.264
0.148	0.229	0.067	0.556
0.042	0.076	0.611	0.271
0.228	0.169	0.131	0.473
0.253	0.476	0.186	0.085
0.785	0.122	0.058	0.035
>GTGACTCACC	10-GTGACTCACC	7.488449	-23.598359	0	T:57.0(7.51%),B:1278.3(2.78%),P:1e-10	Tpos:188.2,Tstd:93.1,Bpos:183.0,Bstd:102.2,StrandBias:-0.7,Multiplicity:1.02
0.082	0.063	0.820	0.035
0.076	0.107	0.084	0.733
0.018	0.047	0.889	0.046
0.785	0.050	0.078	0.087
0.076	0.763	0.082	0.079
0.074	0.036	0.080	0.810
0.115	0.821	0.019	0.045
0.873	0.033	0.049	0.045
0.058	0.763	0.053	0.126
0.086	0.749	0.059	0.106
>GCCTTTTATG	11-GCCTTTTATG	8.873041	-22.275086	0	T:34.0(4.48%),B:548.9(1.19%),P:1e-9	Tpos:187.8,Tstd:92.6,Bpos:182.8,Bstd:104.0,StrandBias:-1.5,Multiplicity:1.06
0.001	0.154	0.817	0.028
0.001	0.791	0.054	0.154
0.001	0.863	0.046	0.090
0.001	0.042	0.001	0.956
0.001	0.001	0.001	0.997
0.070	0.001	0.001	0.928
0.001	0.001	0.001	0.997
0.953	0.045	0.001	0.001
0.142	0.001	0.001	0.856
0.026	0.032	0.863	0.079
>GTTTCTGTAT	12-GTTTCTGTAT	9.951199	-20.971871	0	T:26.0(3.43%),B:348.4(0.76%),P:1e-9	Tpos:218.5,Tstd:96.4,Bpos:187.5,Bstd:105.8,StrandBias:-0.2,Multiplicity:1.12
0.034	0.001	0.964	0.001
0.001	0.001	0.072	0.926
0.001	0.151	0.045	0.803
0.001	0.001	0.052	0.946
0.001	0.997	0.001	0.001
0.069	0.001	0.001	0.929
0.001	0.029	0.969	0.001
0.001	0.029	0.001	0.969
0.619	0.190	0.063	0.128
0.001	0.001	0.001	0.997
>AACTTACTCA	13-AACTTACTCA	9.438071	-20.037194	0	T:20.0(2.64%),B:213.4(0.46%),P:1e-8	Tpos:158.6,Tstd:89.1,Bpos:170.5,Bstd:100.6,StrandBias:-0.6,Multiplicity:1.00
0.871	0.050	0.078	0.001
0.943	0.055	0.001	0.001
0.223	0.679	0.097	0.001
0.001	0.029	0.001	0.969
0.001	0.045	0.030	0.924
0.944	0.030	0.001	0.025
0.063	0.935	0.001	0.001
0.001	0.058	0.001	0.940
0.058	0.893	0.048	0.001
0.997	0.001	0.001	0.001
>CAGTGGTTTC	14-CAGTGGTTTC	9.166914	-18.716960	0	T:31.0(4.08%),B:540.8(1.18%),P:1e-8	Tpos:161.3,Tstd:98.5,Bpos:172.2,Bstd:103.9,StrandBias:-1.0,Multiplicity:1.00
0.001	0.923	0.075	0.001
0.951	0.001	0.047	0.001
0.046	0.035	0.843	0.076
0.001	0.001	0.001	0.997
0.001	0.061	0.874	0.064
0.034	0.001	0.937	0.028
0.053	0.025	0.001	0.921
0.001	0.145	0.031	0.823
0.001	0.001	0.001	0.997
0.042	0.890	0.048	0.020
>CAGAGAACTT	15-CAGAGAACTT	8.915925	-18.497492	0	T:32.0(4.22%),B:577.4(1.26%),P:1e-8	Tpos:181.8,Tstd:106.0,Bpos:167.8,Bstd:101.0,StrandBias:0.0,Multiplicity:1.06
0.037	0.924	0.005	0.034
0.826	0.001	0.033	0.140
0.060	0.045	0.894	0.001
0.885	0.001	0.039	0.075
0.086	0.037	0.876	0.001
0.830	0.048	0.079	0.043
0.740	0.140	0.001	0.119
0.221	0.480	0.182	0.116
0.068	0.001	0.037	0.894
0.182	0.107	0.058	0.653
>GAATGAAAGG	16-GAATGAAAGG	8.728773	-17.660956	0	T:43.0(5.67%),B:980.7(2.13%),P:1e-7	Tpos:133.0,Tstd:98.7,Bpos:162.3,Bstd:99.8,StrandBias:0.1,Multiplicity:1.02
0.067	0.036	0.896	0.001
0.863	0.062	0.001	0.074
0.893	0.039	0.021	0.047
0.129	0.078	0.146	0.647
0.040	0.039	0.920	0.001
0.923	0.046	0.030	0.001
0.977	0.021	0.001	0.001
0.969	0.001	0.029	0.001
0.001	0.001	0.965	0.033
0.017	0.040	0.942	0.001
>CACACACCAC	17-CACACACCAC	9.139003	-17.325706	0	T:52.0(6.85%),B:1334.8(2.90%),P:1e-7	Tpos:164.4,Tstd:89.8,Bpos:183.0,Bstd:97.4,StrandBias:-0.7,Multiplicity:1.12
0.001	0.997	0.001	0.001
0.778	0.220	0.001	0.001
0.190	0.808	0.001	0.001
0.902	0.001	0.001	0.096
0.241	0.630	0.036	0.093
0.723	0.075	0.201	0.001
0.001	0.938	0.001	0.060
0.001	0.997	0.001	0.001
0.450	0.254	0.123	0.173
0.001	0.911	0.001	0.087
>CAACTGGGAT	18-CAACTGGGAT	10.697188	-15.859933	0	T:10.0(1.32%),B:57.6(0.13%),P:1e-6	Tpos:170.9,Tstd:80.5,Bpos:165.6,Bstd:83.1,StrandBias:-1.2,Multiplicity:1.00
0.001	0.997	0.001	0.001
0.997	0.001	0.001	0.001
0.997	0.001	0.001	0.001
0.001	0.730	0.268	0.001
0.001	0.001	0.001	0.997
0.001	0.001	0.997	0.001
0.001	0.001	0.997	0.001
0.001	0.001	0.819	0.179
0.898	0.001	0.100	0.001
0.001	0.001	0.001	0.997
>CTGCTADGAT	19-CTGCTADGAT	9.376452	-15.569206	0	T:16.0(2.11%),B:181.5(0.39%),P:1e-6	Tpos:140.1,Tstd:76.0,Bpos:167.5,Bstd:96.7,StrandBias:1.3,Multiplicity:1.06
0.001	0.997	0.001	0.001
0.261	0.001	0.001	0.737
0.175	0.001	0.587	0.237
0.110	0.613	0.121	0.156
0.001	0.004	0.283	0.712
0.997	0.001	0.001	0.001
0.413	0.001	0.285	0.301
0.001	0.001	0.876	0.122
0.887	0.001	0.001	0.111
0.327	0.001	0.001	0.671
>GAGCCGGCCG	20-GAGCCGGCCG	9.338463	-13.550695	0	T:53.0(6.98%),B:1560.0(3.39%),P:1e-5	Tpos:216.5,Tstd:89.8,Bpos:200.9,Bstd:105.3,StrandBias:-0.2,Multiplicity:1.10
0.001	0.087	0.882	0.030
0.870	0.098	0.001	0.031
0.030	0.030	0.939	0.001
0.001	0.830	0.136	0.033
0.001	0.874	0.018	0.107
0.042	0.036	0.921	0.001
0.001	0.001	0.945	0.053
0.023	0.975	0.001	0.001
0.099	0.779	0.001	0.121
0.001	0.016	0.982	0.001
>AGCGTTGGTC	21-AGCGTTGGTC	10.296193	-12.973029	0	T:4.0(0.53%),B:3.5(0.01%),P:1e-5	Tpos:179.2,Tstd:87.9,Bpos:105.6,Bstd:30.2,StrandBias:0.0,Multiplicity:1.00
0.700	0.100	0.100	0.100
0.100	0.100	0.700	0.100
0.100	0.700	0.100	0.100
0.100	0.100	0.700	0.100
0.100	0.100	0.100	0.700
0.100	0.100	0.100	0.700
0.100	0.100	0.700	0.100
0.100	0.100	0.700	0.100
0.100	0.100	0.100	0.700
0.100	0.700	0.100	0.100
>GCCGCGGCGC	22-GCCGCGGCGC	10.598937	-12.725825	0	T:59.0(7.77%),B:1867.0(4.06%),P:1e-5	Tpos:208.0,Tstd:99.6,Bpos:213.8,Bstd:101.6,StrandBias:-0.2,Multiplicity:1.15
0.001	0.001	0.997	0.001
0.193	0.698	0.108	0.001
0.103	0.854	0.042	0.001
0.001	0.001	0.997	0.001
0.001	0.997	0.001	0.001
0.001	0.209	0.789	0.001
0.001	0.001	0.997	0.001
0.001	0.997	0.001	0.001
0.148	0.001	0.782	0.069
0.001	0.875	0.123	0.001
>GGGAAWTYCCCN	1-GGGAAWTYCCCN	8.774691	-52.401234	0	T:72.0(9.49%),B:1028.7(2.24%),P:1e-22	Tpos:202.0,Tstd:93.8,Bpos:181.6,Bstd:95.5,StrandBias:0.2,Multiplicity:1.08
0.001	0.022	0.739	0.238
0.015	0.001	0.983	0.001
0.129	0.001	0.869	0.001
0.745	0.001	0.253	0.001
0.665	0.111	0.131	0.093
0.484	0.001	0.001	0.514
0.097	0.144	0.163	0.596
0.022	0.440	0.001	0.537
0.001	0.997	0.001	0.001
0.001	0.867	0.001	0.131
0.198	0.502	0.097	0.203
0.249	0.232	0.241	0.278
>GTTCCAACGCCC	2-GTTCCAACGCCC	10.525652	-31.124006	0	T:23.0(3.03%),B:157.6(0.34%),P:1e-13	Tpos:188.6,Tstd:92.8,Bpos:195.0,Bstd:94.7,StrandBias:-0.2,Multiplicity:1.00
0.075	0.001	0.733	0.191
0.001	0.046	0.205	0.748
0.001	0.001	0.165	0.833
0.087	0.577	0.335	0.001
0.001	0.997	0.001	0.001
0.891	0.107	0.001	0.001
0.805	0.145	0.049	0.001
0.001	0.997	0.001	0.001
0.062	0.090	0.555	0.293
0.001	0.651	0.001	0.347
0.001	0.997	0.001	0.001
0.001	0.997	0.001	0.001
>CAAATGGTTTCT	3-CAAATGGTTTCT	12.080016	-30.155592	0	T:12.0(1.58%),B:21.9(0.05%),P:1e-13	Tpos:103.0,Tstd:87.6,Bpos:155.1,Bstd:85.4,StrandBias:0.0,Multiplicity:1.00
0.001	0.852	0.146	0.001
0.997	0.001	0.001	0.001
0.997	0.001	0.001	0.001
0.997	0.001	0.001	0.001
0.001	0.001	0.001	0.997
0.001	0.001	0.997	0.001
0.147	0.001	0.754	0.098
0.001	0.146	0.001	0.852
0.001	0.107	0.001	0.891
0.001	0.121	0.001	0.877
0.146	0.852	0.001	0.001
0.001	0.001	0.001	0.997
>CTTGGAAGCTTC	4-CTTGGAAGCTTC	13.593274	-27.936796	0	T:8.0(1.05%),B:3.3(0.01%),P:1e-12	Tpos:212.5,Tstd:76.4,Bpos:157.2,Bstd:95.9,StrandBias:0.7,Multiplicity:1.00
0.001	0.997	0.001	0.001
0.001	0.001	0.001	0.997
0.001	0.001	0.001	0.997
0.140	0.001	0.719	0.140
0.001	0.001	0.997	0.001
0.997	0.001	0.001	0.001
0.997	0.001	0.001	0.001
0.001	0.001	0.859	0.139
0.067	0.792	0.001	0.140
0.001	0.001	0.001	0.997
0.001	0.001	0.116	0.882
0.001	0.859	0.001	0.139
>GCCTTGGCAAAG	5-GCCTTGGCAAAG	8.588571	-26.979764	0	T:63.0(8.30%),B:1378.7(3.00%),P:1e-11	Tpos:168.9,Tstd:103.0,Bpos:176.6,Bstd:107.7,StrandBias:-0.4,Multiplicity:1.05
0.023	0.029	0.643	0.305
0.001	0.693	0.024	0.282
0.128	0.848	0.023	0.001
0.028	0.235	0.099	0.638
0.001	0.080	0.071	0.848
0.001	0.046	0.693	0.260
0.108	0.023	0.826	0.043
0.220	0.603	0.111	0.066
0.658	0.227	0.092	0.023
0.820	0.015	0.164	0.001
0.877	0.016	0.084	0.023
0.046	0.001	0.942	0.011
>GCCCGGGAGGAG	6-GCCCGGGAGGAG	9.482532	-26.599234	0	T:62.0(8.17%),B:1355.4(2.95%),P:1e-11	Tpos:194.4,Tstd:97.9,Bpos:189.8,Bstd:100.9,StrandBias:-0.1,Multiplicity:1.02
0.065	0.055	0.842	0.038
0.059	0.829	0.066	0.046
0.040	0.848	0.060	0.052
0.074	0.827	0.032	0.067
0.077	0.025	0.834	0.064
0.061	0.042	0.865	0.032
0.063	0.072	0.827	0.038
0.840	0.047	0.054	0.059
0.084	0.086	0.794	0.036
0.047	0.028	0.834	0.091
0.797	0.070	0.050	0.083
0.046	0.067	0.868	0.019
>CTTAGACACGGG	7-CTTAGACACGGG	13.079034	-25.911430	0	T:8.0(1.05%),B:5.7(0.01%),P:1e-11	Tpos:186.2,Tstd:73.9,Bpos:135.8,Bstd:116.9,StrandBias:0.0,Multiplicity:1.00
0.001	0.997	0.001	0.001
0.001	0.319	0.001	0.679
0.001	0.164	0.001	0.834
0.670	0.001	0.001	0.328
0.001	0.001	0.997	0.001
0.997	0.001	0.001	0.001
0.001	0.997	0.001	0.001
0.997	0.001	0.001	0.001
0.001	0.834	0.164	0.001
0.301	0.001	0.697	0.001
0.001	0.001	0.997	0.001
0.328	0.001	0.670	0.001
>AGTTTCAGTTTC	8-AGTTTCAGTTTC	9.048025	-25.893810	0	T:50.0(6.59%),B:962.3(2.09%),P:1e-11	Tpos:196.1,Tstd:92.3,Bpos:187.8,Bstd:107.9,StrandBias:0.2,Multiplicity:1.24
0.736	0.108	0.101	0.055
0.055	0.070	0.874	0.001
0.036	0.048	0.108	0.808
0.001	0.001	0.001	0.997
0.109	0.054	0.069	0.768
0.045	0.695	0.190	0.070
0.730	0.001	0.046	0.223
0.072	0.068	0.732	0.128
0.054	0.001	0.078	0.867
0.001	0.020	0.001	0.978
0.001	0.118	0.001	0.880
0.040	0.786	0.070	0.104
>CGCGGCGGCTCA	9-CGCGGCGGCTCA	11.724618	-25.223043	0	T:17.0(2.24%),B:102.8(0.22%),P:1e-10	Tpos:213.8,Tstd:88.9,Bpos:215.8,Bstd:92.7,StrandBias:0.3,Multiplicity:1.06
0.001	0.997	0.001	0.001
0.001	0.079	0.919	0.001
0.001	0.997	0.001	0.001
0.001	0.103	0.825	0.071
0.001	0.063	0.935	0.001
0.140	0.858	0.001	0.001
0.001	0.001	0.882	0.116
0.019	0.103	0.877	0.001
0.001	0.997	0.001	0.001
0.001	0.001	0.057	0.941
0.001	0.928	0.070	0.001
0.843	0.070	0.086	0.001
>AKAAAAAGCCAC	10-AKAAAAAGCCAC	10.508504	-24.893077	0	T:19.0(2.50%),B:139.9(0.30%),P:1e-10	Tpos:209.4,Tstd:103.1,Bpos:160.3,Bstd:116.4,StrandBias:0.2,Multiplicity:1.00
0.650	0.178	0.001	0.171
0.203	0.114	0.278	0.405
0.540	0.182	0.277	0.001
0.997	0.001	0.001	0.001
0.935	0.063	0.001	0.001
0.702	0.166	0.001	0.131
0.696	0.001	0.001	0.302
0.072	0.255	0.672	0.001
0.001	0.876	0.122	0.001
0.001	0.927	0.071	0.001
0.950	0.001	0.001	0.048
0.181	0.463	0.233	0.123
>TCAATGCTGAGG	11-TCAATGCTGAGG	13.995180	-24.330740	0	T:8.0(1.05%),B:7.8(0.02%),P:1e-10	Tpos:211.4,Tstd:109.4,Bpos:140.1,Bstd:102.8,StrandBias:0.7,Multiplicity:1.00
0.001	0.161	0.161	0.677
0.193	0.805	0.001	0.001
0.997	0.001	0.001	0.001
0.838	0.160	0.001	0.001
0.001	0.001	0.001	0.997
0.160	0.001	0.838	0.001
0.001	0.997	0.001	0.001
0.001	0.001	0.001	0.997
0.001	0.001	0.997	0.001
0.997	0.001	0.001	0.001
0.001	0.001	0.997	0.001
0.001	0.001	0.997	0.001
>GCTCCCTCATGG	12-GCTCCCTCATGG	13.458901	-23.720295	0	T:9.0(1.19%),B:14.3(0.03%),P:1e-10	Tpos:171.2,Tstd:112.0,Bpos:169.0,Bstd:102.5,StrandBias:-0.3,Multiplicity:1.00
0.001	0.001	0.997	0.001
0.001	0.997	0.001	0.001
0.001	0.001	0.001	0.997
0.001	0.854	0.001	0.144
0.001	0.997	0.001	0.001
0.174	0.824	0.001	0.001
0.001	0.001	0.001	0.997
0.001	0.997	0.001	0.001
0.892	0.001	0.106	0.001
0.001	0.174	0.252	0.573
0.001	0.001	0.997	0.001
0.001	0.001	0.997	0.001
>CGGGGCTGCGCC	13-CGGGGCTGCGCC	12.463849	-23.568650	0	T:20.0(2.64%),B:171.5(0.37%),P:1e-10	Tpos:164.6,Tstd:85.6,Bpos:187.6,Bstd:85.2,StrandBias:0.6,Multiplicity:1.00
0.001	0.966	0.001	0.032
0.084	0.065	0.792	0.059
0.001	0.025	0.973	0.001
0.036	0.041	0.922	0.001
0.001	0.001	0.937	0.061
0.084	0.869	0.046	0.001
0.001	0.001	0.053	0.945
0.001	0.031	0.855	0.113
0.001	0.997	0.001	0.001
0.100	0.046	0.804	0.050
0.001	0.984	0.014	0.001
0.001	0.974	0.024	0.001
>AGAGCCGGGGAC	14-AGAGCCGGGGAC	12.188526	-23.554705	0	T:16.0(2.11%),B:98.3(0.21%),P:1e-10	Tpos:158.4,Tstd:100.1,Bpos:190.6,Bstd:119.6,StrandBias:0.7,Multiplicity:1.00
0.923	0.001	0.075	0.001
0.001	0.001	0.997	0.001
0.997	0.001	0.001	0.001
0.001	0.001	0.997	0.001
0.001	0.997	0.001	0.001
0.118	0.806	0.001	0.075
0.031	0.070	0.795	0.104
0.127	0.172	0.700	0.001
0.001	0.001	0.997	0.001
0.117	0.001	0.881	0.001
0.997	0.001	0.001	0.001
0.001	0.909	0.089	0.001
>CTGGTTGACAAA	15-CTGGTTGACAAA	13.414697	-22.833047	0	T:9.0(1.19%),B:16.4(0.04%),P:1e-9	Tpos:183.6,Tstd:78.0,Bpos:195.0,Bstd:90.3,StrandBias:1.0,Multiplicity:1.00
0.001	0.829	0.001	0.169
0.001	0.001	0.001	0.997
0.169	0.001	0.829	0.001
0.001	0.001	0.997	0.001
0.001	0.124	0.001	0.874
0.001	0.001	0.001	0.997
0.103	0.001	0.895	0.001
0.997	0.001	0.001	0.001
0.001	0.659	0.339	0.001
0.997	0.001	0.001	0.001
0.997	0.001	0.001	0.001
0.997	0.001	0.001	0.001
>CACCACCACCTG	16-CACCACCACCTG	12.888578	-21.946307	0	T:13.0(1.71%),B:64.0(0.14%),P:1e-9	Tpos:174.5,Tstd:105.4,Bpos:170.9,Bstd:94.8,StrandBias:1.2,Multiplicity:1.00
0.001	0.858	0.140	0.001
0.905	0.001	0.001	0.093
0.086	0.873	0.040	0.001
0.001	0.997	0.001	0.001
0.938	0.001	0.001	0.060
0.001	0.997	0.001	0.001
0.001	0.997	0.001	0.001
0.828	0.061	0.001	0.110
0.001	0.905	0.093	0.001
0.140	0.858	0.001	0.001
0.001	0.001	0.001	0.997
0.001	0.085	0.913	0.001
>AGAGGCTGGCTT	17-AGAGGCTGGCTT	12.720154	-21.776261	0	T:13.0(1.71%),B:64.8(0.14%),P:1e-9	Tpos:208.3,Tstd:83.3,Bpos:150.7,Bstd:112.4,StrandBias:-0.2,Multiplicity:1.00
0.894	0.104	0.001	0.001
0.104	0.092	0.803	0.001
0.997	0.001	0.001	0.001
0.001	0.001	0.997	0.001
0.054	0.092	0.853	0.001
0.001	0.894	0.104	0.001
0.125	0.001	0.001	0.873
0.001	0.001	0.997	0.001
0.032	0.039	0.928	0.001
0.001	0.939	0.059	0.001
0.001	0.001	0.051	0.947
0.001	0.001	0.051	0.947
>TGCGATTGTTTG	18-TGCGATTGTTTG	13.232796	-20.614970	0	T:5.0(0.66%),B:0.0(0.00%),P:1e-8	Tpos:216.0,Tstd:76.0,Bpos:0.0,Bstd:0.0,StrandBias:0.6,Multiplicity:1.00
0.001	0.001	0.006	0.992
0.001	0.001	0.997	0.001
0.001	0.569	0.125	0.305
0.007	0.007	0.866	0.120
0.997	0.001	0.001	0.001
0.152	0.160	0.001	0.687
0.001	0.001	0.264	0.734
0.001	0.087	0.905	0.007
0.153	0.153	0.006	0.688
0.001	0.001	0.001	0.997
0.001	0.001	0.001	0.997
0.001	0.001	0.992	0.006
>AAGAAACCACTG	19-AAGAAACCACTG	12.003117	-20.395624	0	T:12.0(1.58%),B:58.8(0.13%),P:1e-8	Tpos:200.8,Tstd:85.1,Bpos:195.1,Bstd:90.4,StrandBias:1.0,Multiplicity:1.00
0.839	0.159	0.001	0.001
0.839	0.001	0.159	0.001
0.001	0.001	0.997	0.001
0.997	0.001	0.001	0.001
0.748	0.025	0.226	0.001
0.997	0.001	0.001	0.001
0.030	0.968	0.001	0.001
0.001	0.997	0.001	0.001
0.997	0.001	0.001	0.001
0.030	0.968	0.001	0.001
0.001	0.350	0.001	0.648
0.001	0.001	0.997	0.001
>ATGGCATCTTTG	20-ATGGCATCTTTG	8.991640	-20.338167	0	T:20.0(2.64%),B:210.0(0.46%),P:1e-8	Tpos:187.5,Tstd:104.9,Bpos:177.2,Bstd:102.8,StrandBias:0.0,Multiplicity:1.00
0.583	0.415	0.001	0.001
0.003	0.412	0.001	0.584
0.031	0.015	0.953	0.001
0.001	0.001	0.997	0.001
0.219	0.769	0.011	0.001
0.837	0.161	0.001	0.001
0.220	0.126	0.220	0.435
0.001	0.997	0.001	0.001
0.001	0.001	0.001	0.997
0.015	0.018	0.001	0.966
0.001	0.001	0.001	0.997
0.001	0.001	0.997	0.001
>RGAGCGCTCAGC	21-RGAGCGCTCAGC	9.701836	-20.234817	0	T:16.0(2.11%),B:126.4(0.27%),P:1e-8	Tpos:158.7,Tstd:91.6,Bpos:207.6,Bstd:103.2,StrandBias:-0.7,Multiplicity:1.00
0.539	0.001	0.459	0.001
0.001	0.001	0.997	0.001
0.997	0.001	0.001	0.001
0.001	0.001	0.997	0.001
0.001	0.997	0.001	0.001
0.001	0.001	0.997	0.001
0.001	0.997	0.001	0.001
0.357	0.001	0.001	0.641
0.001	0.997	0.001	0.001
0.817	0.143	0.039	0.001
0.001	0.133	0.865	0.001
0.001	0.997	0.001	0.001
>TCCTACTGAAGT	22-TCCTACTGAAGT	14.550542	-20.213919	0	T:7.0(0.92%),B:8.9(0.02%),P:1e-8	Tpos:129.4,Tstd:132.3,Bpos:261.5,Bstd:82.8,StrandBias:0.4,Multiplicity:1.00
0.001	0.001	0.001	0.997
0.001	0.997	0.001	0.001
0.001	0.997	0.001	0.001
0.001	0.298	0.001	0.700
0.597	0.219	0.001	0.183
0.001	0.997	0.001	0.001
0.001	0.001	0.001	0.997
0.001	0.001	0.997	0.001
0.997	0.001	0.001	0.001
0.997	0.001	0.001	0.001
0.001	0.001	0.997	0.001
0.001	0.001	0.001	0.997
>TCCCGCCCAAGA	23-TCCCGCCCAAGA	13.045930	-19.558612	0	T:11.0(1.45%),B:49.9(0.11%),P:1e-8	Tpos:188.8,Tstd:115.9,Bpos:157.4,Bstd:84.2,StrandBias:0.8,Multiplicity:1.00
0.001	0.001	0.001	0.997
0.001	0.837	0.161	0.001
0.001	0.997	0.001	0.001
0.086	0.794	0.001	0.119
0.001	0.001	0.864	0.134
0.001	0.997	0.001	0.001
0.001	0.997	0.001	0.001
0.098	0.900	0.001	0.001
0.997	0.001	0.001	0.001
0.841	0.099	0.059	0.001
0.001	0.001	0.997	0.001
0.922	0.076	0.001	0.001
>CTAGTAGATTAG	24-CTAGTAGATTAG	7.540126	-19.441498	0	T:38.0(5.01%),B:747.7(1.63%),P:1e-8	Tpos:195.8,Tstd:94.4,Bpos:179.4,Bstd:95.1,StrandBias:-0.5,Multiplicity:1.06
0.092	0.780	0.048	0.080
0.088	0.051	0.090	0.771
0.702	0.001	0.117	0.180
0.052	0.072	0.744	0.132
0.064	0.076	0.189	0.671
0.730	0.033	0.121	0.116
0.051	0.001	0.833	0.115
0.733	0.081	0.066	0.120
0.081	0.033	0.033	0.853
0.154	0.051	0.132	0.663
0.698	0.051	0.150	0.101
0.032	0.073	0.825	0.070
>TCCCAATCGATC	25-TCCCAATCGATC	9.528678	-16.630209	0	T:5.0(0.66%),B:4.0(0.01%),P:1e-7	Tpos:252.2,Tstd:75.9,Bpos:210.2,Bstd:75.0,StrandBias:0.7,Multiplicity:1.00
0.001	0.001	0.001	0.997
0.001	0.997	0.001	0.001
0.001	0.960	0.038	0.001
0.078	0.803	0.118	0.001
0.803	0.001	0.195	0.001
0.997	0.001	0.001	0.001
0.001	0.001	0.001	0.997
0.001	0.960	0.001	0.038
0.001	0.001	0.997	0.001
0.997	0.001	0.001	0.001
0.001	0.001	0.001	0.997
0.001	0.997	0.001	0.001
>ATGAGTCA	1-ATGAGTCA	6.153473	-31.489726	0	T:194.0(25.56%),B:6832.9(14.86%),P:1e-13	Tpos:176.6,Tstd:95.9,Bpos:174.2,Bstd:102.8,StrandBias:-0.0,Multiplicity:1.27
0.661	0.121	0.215	0.003
0.067	0.001	0.001	0.931
0.001	0.001	0.712	0.286
0.837	0.001	0.001	0.161
0.129	0.239	0.441	0.191
0.002	0.038	0.001	0.959
0.041	0.857	0.101	0.001
0.812	0.166	0.021	0.001
>GAAATTCC	2-GAAATTCC	7.105106	-29.681636	0	T:114.0(15.02%),B:3281.4(7.14%),P:1e-12	Tpos:174.6,Tstd:102.9,Bpos:176.3,Bstd:102.5,StrandBias:0.1,Multiplicity:1.13
0.001	0.001	0.997	0.001
0.945	0.010	0.044	0.001
0.919	0.016	0.050	0.015
0.722	0.032	0.001	0.245
0.045	0.078	0.156	0.721
0.001	0.036	0.001	0.962
0.057	0.930	0.001	0.012
0.001	0.990	0.008	0.001
>TATAAAAG	3-TATAAAAG	6.071591	-28.227031	0	T:224.0(29.51%),B:8583.5(18.67%),P:1e-12	Tpos:197.6,Tstd:98.0,Bpos:167.4,Bstd:102.9,StrandBias:0.8,Multiplicity:1.31
0.049	0.284	0.002	0.665
0.994	0.004	0.001	0.001
0.001	0.052	0.001	0.946
0.726	0.031	0.242	0.001
0.996	0.001	0.001	0.002
0.716	0.133	0.147	0.004
0.527	0.001	0.259	0.213
0.278	0.195	0.526	0.001
>GGGGGTTT	4-GGGGGTTT	6.486872	-23.048509	0	T:175.0(23.06%),B:6557.1(14.26%),P:1e-10	Tpos:158.0,Tstd:92.6,Bpos:164.3,Bstd:102.5,StrandBias:0.1,Multiplicity:1.14
0.001	0.001	0.950	0.048
0.001	0.001	0.971	0.027
0.027	0.001	0.893	0.079
0.033	0.001	0.911	0.055
0.091	0.103	0.765	0.041
0.001	0.080	0.137	0.782
0.011	0.001	0.001	0.987
0.135	0.051	0.001	0.813
>CAAGATAG	5-CAAGATAG	7.328357	-11.776844	0	T:43.0(5.67%),B:1236.4(2.69%),P:1e-5	Tpos:191.4,Tstd:97.4,Bpos:165.9,Bstd:103.4,StrandBias:-0.6,Multiplicity:1.05
0.001	0.997	0.001	0.001
0.997	0.001	0.001	0.001
0.997	0.001	0.001	0.001
0.001	0.001	0.997	0.001
0.933	0.001	0.001	0.065
0.001	0.364	0.001	0.634
0.997	0.001	0.001	0.001
0.001	0.001	0.997	0.001
