>ATGAGTCA	1-ATGAGTCA	6.061767	-31.758656	0	T:200.0(25.77%),B:6939.3(15.09%),P:1e-13	Tpos:177.6,Tstd:95.0,Bpos:174.0,Bstd:103.0,StrandBias:-0.0,Multiplicity:1.26
0.699	0.100	0.198	0.003
0.071	0.001	0.001	0.927
0.001	0.025	0.719	0.255
0.825	0.001	0.011	0.163
0.105	0.275	0.433	0.187
0.025	0.031	0.001	0.943
0.033	0.882	0.084	0.001
0.796	0.167	0.018	0.019
>GAAATTCC	2-GAAATTCC	7.188460	-29.983809	0	T:116.0(14.95%),B:3274.2(7.12%),P:1e-13	Tpos:175.0,Tstd:102.0,Bpos:176.2,Bstd:102.4,StrandBias:0.1,Multiplicity:1.13
0.001	0.001	0.997	0.001
0.941	0.001	0.057	0.001
0.937	0.015	0.047	0.001
0.711	0.030	0.001	0.258
0.043	0.075	0.152	0.730
0.001	0.034	0.001	0.964
0.055	0.925	0.001	0.019
0.001	0.990	0.008	0.001
>TATAAAAG	3-TATAAAAG	5.697491	-28.648661	0	T:243.0(31.31%),B:9301.7(20.22%),P:1e-12	Tpos:188.9,Tstd:101.5,Bpos:166.3,Bstd:104.2,StrandBias:0.8,Multiplicity:1.39
0.001	0.216	0.125	0.658
0.690	0.148	0.001	0.161
0.001	0.308	0.001	0.690
0.997	0.001	0.001	0.001
0.800	0.001	0.001	0.198
0.583	0.156	0.147	0.114
0.550	0.069	0.196	0.185
0.240	0.166	0.593	0.001
>GGGGGTTT	4-GGGGGTTT	6.502475	-23.872630	0	T:169.0(21.78%),B:6051.3(13.16%),P:1e-10	Tpos:159.3,Tstd:91.8,Bpos:163.9,Bstd:102.6,StrandBias:0.1,Multiplicity:1.13
0.001	0.001	0.953	0.045
0.001	0.001	0.997	0.001
0.025	0.001	0.897	0.077
0.044	0.001	0.903	0.052
0.089	0.100	0.760	0.051
0.001	0.090	0.135	0.774
0.011	0.001	0.001	0.987
0.133	0.049	0.001	0.817
>ATTTGCAA	5-ATTTGCAA	4.182113	-19.879866	0	T:259.0(33.38%),B:11000.0(23.92%),P:1e-8	Tpos:156.8,Tstd:95.5,Bpos:161.5,Bstd:102.1,StrandBias:0.1,Multiplicity:1.37
0.398	0.205	0.192	0.206
0.143	0.145	0.220	0.492
0.120	0.108	0.129	0.643
0.187	0.053	0.227	0.533
0.104	0.182	0.528	0.186
0.221	0.445	0.224	0.111
0.502	0.213	0.092	0.193
0.597	0.180	0.081	0.142
>CAAGWGAC	6-CAAGWGAC	4.813064	-14.936369	0	T:252.0(32.47%),B:11234.2(24.43%),P:1e-6	Tpos:173.9,Tstd:98.0,Bpos:174.6,Bstd:103.7,StrandBias:0.2,Multiplicity:1.24
0.001	0.997	0.001	0.001
0.754	0.001	0.001	0.244
0.997	0.001	0.001	0.001
0.001	0.001	0.997	0.001
0.504	0.001	0.001	0.494
0.001	0.211	0.494	0.294
0.778	0.001	0.220	0.001
0.069	0.899	0.031	0.001
