>GAAATTCC	1-GAAATTCC	7.053336	-30.243942	0	T:126.0(16.71%),B:3793.7(8.25%),P:1e-13	Tpos:176.9,Tstd:101.7,Bpos:181.3,Bstd:102.8,StrandBias:0.1,Multiplicity:1.14
0.001	0.001	0.997	0.001
0.945	0.010	0.044	0.001
0.918	0.017	0.050	0.015
0.723	0.032	0.001	0.244
0.045	0.079	0.156	0.720
0.001	0.036	0.001	0.962
0.057	0.930	0.001	0.012
0.001	0.990	0.008	0.001
>ATGASTCA	2-ATGASTCA	5.987384	-26.515706	0	T:203.0(26.92%),B:7716.3(16.79%),P:1e-11	Tpos:175.9,Tstd:97.0,Bpos:172.9,Bstd:102.5,StrandBias:0.1,Multiplicity:1.31
0.687	0.104	0.207	0.002
0.001	0.001	0.001	0.997
0.001	0.027	0.648	0.324
0.848	0.001	0.012	0.139
0.112	0.345	0.378	0.165
0.028	0.033	0.001	0.938
0.035	0.877	0.087	0.001
0.786	0.174	0.019	0.021
>GGGGGTTT	3-GGGGGTTT	6.575359	-23.720822	0	T:165.0(21.88%),B:6050.1(13.16%),P:1e-10	Tpos:159.6,Tstd:92.4,Bpos:163.8,Bstd:102.6,StrandBias:0.0,Multiplicity:1.13
0.001	0.001	0.949	0.049
0.001	0.001	0.997	0.001
0.028	0.001	0.890	0.081
0.034	0.001	0.909	0.056
0.096	0.106	0.756	0.042
0.001	0.082	0.140	0.777
0.012	0.001	0.001	0.986
0.137	0.052	0.001	0.810
>TATAAAAG	4-TATAAAAG	6.220928	-20.708672	0	T:171.0(22.68%),B:6605.5(14.37%),P:1e-8	Tpos:186.7,Tstd:99.1,Bpos:166.2,Bstd:103.7,StrandBias:0.9,Multiplicity:1.34
0.001	0.184	0.003	0.812
0.763	0.154	0.001	0.082
0.001	0.273	0.001	0.725
0.935	0.063	0.001	0.001
0.914	0.001	0.001	0.084
0.631	0.216	0.010	0.143
0.616	0.165	0.218	0.001
0.235	0.161	0.603	0.001
>AGTTTCAT	5-AGTTTCAT	7.788780	-18.121066	0	T:71.0(9.42%),B:2083.9(4.53%),P:1e-7	Tpos:193.8,Tstd:95.8,Bpos:169.6,Bstd:104.3,StrandBias:0.3,Multiplicity:1.08
0.797	0.010	0.039	0.154
0.026	0.001	0.946	0.027
0.001	0.001	0.001	0.997
0.005	0.001	0.001	0.993
0.001	0.058	0.035	0.906
0.001	0.960	0.001	0.038
0.758	0.162	0.079	0.001
0.044	0.001	0.237	0.718
>CAAGATAG	6-CAAGATAG	7.304577	-11.947686	0	T:43.0(5.70%),B:1235.5(2.69%),P:1e-5	Tpos:191.4,Tstd:97.4,Bpos:166.1,Bstd:103.5,StrandBias:-0.6,Multiplicity:1.05
0.001	0.997	0.001	0.001
0.997	0.001	0.001	0.001
0.997	0.001	0.001	0.001
0.001	0.001	0.997	0.001
0.934	0.001	0.001	0.064
0.001	0.361	0.001	0.637
0.997	0.001	0.001	0.001
0.001	0.001	0.997	0.001
>CCGGGAGG	7-CCGGGAGG	8.236954	-9.352663	0	T:68.0(9.02%),B:2549.7(5.55%),P:1e-4	Tpos:171.7,Tstd:97.1,Bpos:184.0,Bstd:102.5,StrandBias:-0.0,Multiplicity:1.12
0.100	0.700	0.100	0.100
0.100	0.700	0.100	0.100
0.100	0.100	0.700	0.100
0.100	0.100	0.700	0.100
0.100	0.100	0.700	0.100
0.700	0.100	0.100	0.100
0.100	0.100	0.700	0.100
0.100	0.100	0.700	0.100
