>GGGAATTTCC	1-GGGAATTTCC	7.494642	-58.203392	0	T:79.0(10.46%),B:1121.7(2.44%),P:1e-25	Tpos:205.6,Tstd:93.1,Bpos:182.2,Bstd:100.2,StrandBias:0.0,Multiplicity:1.06
0.009	0.029	0.927	0.035
0.001	0.024	0.974	0.001
0.001	0.001	0.979	0.019
0.937	0.001	0.061	0.001
0.823	0.108	0.017	0.052
0.292	0.007	0.001	0.700
0.026	0.001	0.017	0.956
0.029	0.014	0.001	0.956
0.001	0.997	0.001	0.001
0.026	0.959	0.001	0.014
>ATTTSCYAAW	2-ATTTSCYAAW	8.267520	-29.929748	0	T:64.0(8.48%),B:1325.3(2.88%),P:1e-12	Tpos:156.2,Tstd:90.7,Bpos:145.4,Bstd:99.3,StrandBias:-0.2,Multiplicity:1.02
0.609	0.001	0.389	0.001
0.001	0.069	0.001	0.929
0.001	0.001	0.001	0.997
0.193	0.092	0.001	0.714
0.187	0.463	0.349	0.001
0.158	0.779	0.001	0.062
0.150	0.410	0.001	0.439
0.965	0.033	0.001	0.001
0.997	0.001	0.001	0.001
0.414	0.224	0.057	0.305
>TGAYTAATCC	3-TGAYTAATCC	9.821177	-27.748843	0	T:29.0(3.84%),B:319.0(0.69%),P:1e-12	Tpos:147.0,Tstd:96.3,Bpos:178.7,Bstd:96.3,StrandBias:-0.5,Multiplicity:1.10
0.001	0.001	0.001	0.997
0.001	0.001	0.997	0.001
0.994	0.004	0.001	0.001
0.121	0.450	0.001	0.428
0.001	0.001	0.001	0.997
0.671	0.327	0.001	0.001
0.997	0.001	0.001	0.001
0.001	0.001	0.059	0.939
0.001	0.473	0.318	0.207
0.195	0.496	0.001	0.308
>GAAACTCAAA	4-GAAACTCAAA	9.525885	-27.560859	0	T:33.0(4.37%),B:421.5(0.92%),P:1e-11	Tpos:169.1,Tstd:107.5,Bpos:149.2,Bstd:104.8,StrandBias:0.0,Multiplicity:1.03
0.052	0.018	0.929	0.001
0.845	0.001	0.153	0.001
0.944	0.054	0.001	0.001
0.962	0.036	0.001	0.001
0.076	0.922	0.001	0.001
0.001	0.010	0.001	0.988
0.041	0.739	0.148	0.072
0.847	0.028	0.001	0.124
0.979	0.019	0.001	0.001
0.878	0.001	0.083	0.038
>TGGTCTCTAA	5-TGGTCTCTAA	8.769838	-27.371718	0	T:37.0(4.90%),B:532.9(1.16%),P:1e-11	Tpos:146.9,Tstd:99.1,Bpos:159.9,Bstd:99.7,StrandBias:-0.4,Multiplicity:1.00
0.001	0.001	0.001	0.997
0.001	0.001	0.911	0.087
0.003	0.001	0.925	0.071
0.001	0.053	0.196	0.750
0.001	0.823	0.001	0.175
0.001	0.121	0.084	0.794
0.140	0.710	0.001	0.149
0.120	0.001	0.057	0.822
0.658	0.028	0.001	0.313
0.625	0.044	0.146	0.185
>TTATAAACAC	6-TTATAAACAC	7.848096	-25.676435	0	T:48.0(6.36%),B:907.5(1.97%),P:1e-11	Tpos:180.0,Tstd:99.0,Bpos:164.9,Bstd:100.4,StrandBias:-0.7,Multiplicity:1.15
0.001	0.016	0.065	0.918
0.001	0.022	0.001	0.976
0.960	0.001	0.038	0.001
0.051	0.083	0.107	0.759
0.960	0.001	0.038	0.001
0.725	0.070	0.001	0.204
0.591	0.181	0.041	0.187
0.103	0.674	0.110	0.113
0.806	0.002	0.064	0.128
0.034	0.964	0.001	0.001
>GGAGTTGCCT	7-GGAGTTGCCT	9.007252	-25.565669	0	T:39.0(5.17%),B:627.3(1.36%),P:1e-11	Tpos:171.6,Tstd:97.2,Bpos:171.8,Bstd:103.2,StrandBias:0.2,Multiplicity:1.00
0.059	0.001	0.939	0.001
0.040	0.040	0.919	0.001
0.925	0.001	0.029	0.045
0.048	0.075	0.847	0.030
0.001	0.123	0.001	0.875
0.001	0.001	0.001	0.997
0.060	0.032	0.882	0.026
0.080	0.754	0.106	0.060
0.053	0.945	0.001	0.001
0.021	0.036	0.001	0.942
>TGGCTTTTTG	8-TGGCTTTTTG	7.384159	-25.389072	0	T:74.0(9.80%),B:1859.8(4.05%),P:1e-11	Tpos:165.7,Tstd:108.9,Bpos:165.6,Bstd:106.1,StrandBias:-0.2,Multiplicity:1.04
0.063	0.059	0.085	0.793
0.023	0.087	0.868	0.022
0.116	0.067	0.780	0.037
0.058	0.834	0.055	0.053
0.124	0.117	0.047	0.712
0.092	0.036	0.067	0.805
0.091	0.060	0.034	0.815
0.051	0.047	0.035	0.867
0.154	0.076	0.061	0.709
0.075	0.032	0.824	0.069
>GTATCTGTCA	9-GTATCTGTCA	7.347125	-23.866541	0	T:53.0(7.02%),B:1132.9(2.46%),P:1e-10	Tpos:162.7,Tstd:103.6,Bpos:172.5,Bstd:101.7,StrandBias:-0.6,Multiplicity:1.00
0.044	0.050	0.816	0.090
0.152	0.080	0.023	0.745
0.855	0.048	0.035	0.062
0.111	0.121	0.058	0.710
0.097	0.726	0.090	0.087
0.068	0.018	0.007	0.907
0.038	0.099	0.726	0.137
0.070	0.038	0.043	0.849
0.038	0.867	0.054	0.041
0.811	0.060	0.074	0.055
>GCCTTTTATG	10-GCCTTTTATG	7.802350	-23.177999	0	T:37.0(4.90%),B:621.9(1.35%),P:1e-10	Tpos:190.8,Tstd:92.5,Bpos:187.9,Bstd:101.4,StrandBias:-1.9,Multiplicity:1.06
0.033	0.288	0.512	0.167
0.011	0.521	0.220	0.248
0.046	0.583	0.148	0.223
0.064	0.171	0.042	0.723
0.069	0.066	0.057	0.808
0.269	0.068	0.028	0.635
0.076	0.034	0.053	0.837
0.825	0.096	0.049	0.030
0.271	0.026	0.051	0.652
0.164	0.199	0.454	0.184
>MACTTAMTMA	11-MACTTAMTMA	7.670423	-22.469302	0	T:32.0(4.24%),B:488.3(1.06%),P:1e-9	Tpos:155.5,Tstd:90.9,Bpos:164.5,Bstd:99.5,StrandBias:-1.0,Multiplicity:1.03
0.438	0.296	0.265	0.001
0.600	0.398	0.001	0.001
0.236	0.478	0.285	0.001
0.001	0.001	0.001	0.997
0.001	0.248	0.254	0.497
0.490	0.181	0.001	0.329
0.457	0.541	0.001	0.001
0.001	0.381	0.001	0.617
0.373	0.408	0.218	0.001
0.997	0.001	0.001	0.001
>CCGGGATGAV	12-CCGGGATGAV	7.185300	-20.969837	0	T:54.0(7.15%),B:1270.0(2.76%),P:1e-9	Tpos:170.2,Tstd:94.8,Bpos:187.3,Bstd:101.5,StrandBias:0.0,Multiplicity:1.04
0.189	0.469	0.289	0.053
0.161	0.489	0.314	0.036
0.288	0.149	0.523	0.040
0.069	0.116	0.769	0.046
0.265	0.064	0.627	0.044
0.831	0.048	0.046	0.075
0.051	0.132	0.232	0.585
0.050	0.196	0.482	0.273
0.836	0.079	0.043	0.042
0.280	0.286	0.390	0.044
>TGAAATCAGC	13-TGAAATCAGC	6.567607	-20.632982	0	T:153.0(20.26%),B:5706.3(12.41%),P:1e-8	Tpos:192.8,Tstd:99.4,Bpos:177.9,Bstd:104.9,StrandBias:-0.2,Multiplicity:1.11
0.057	0.003	0.043	0.897
0.083	0.029	0.692	0.196
0.727	0.024	0.166	0.083
0.527	0.035	0.269	0.169
0.634	0.206	0.148	0.012
0.125	0.040	0.126	0.709
0.028	0.951	0.009	0.012
0.665	0.022	0.006	0.307
0.145	0.048	0.609	0.198
0.045	0.618	0.331	0.006
>TGCACCTCTC	14-TGCACCTCTC	9.442332	-20.532421	0	T:38.0(5.03%),B:720.2(1.57%),P:1e-8	Tpos:180.9,Tstd:114.8,Bpos:168.4,Bstd:106.0,StrandBias:-0.3,Multiplicity:1.03
0.001	0.032	0.001	0.966
0.073	0.043	0.853	0.031
0.001	0.893	0.037	0.069
0.939	0.001	0.001	0.059
0.079	0.871	0.001	0.049
0.001	0.897	0.069	0.033
0.001	0.045	0.030	0.924
0.001	0.923	0.041	0.035
0.001	0.097	0.001	0.901
0.082	0.893	0.024	0.001
>CNGAGAAHTT	15-CNGAGAAHTT	8.072214	-20.388501	0	T:74.0(9.80%),B:2088.2(4.54%),P:1e-8	Tpos:184.0,Tstd:101.5,Bpos:165.0,Bstd:100.0,StrandBias:0.0,Multiplicity:1.07
0.001	0.795	0.191	0.013
0.189	0.230	0.260	0.321
0.240	0.001	0.758	0.001
0.997	0.001	0.001	0.001
0.001	0.001	0.997	0.001
0.916	0.082	0.001	0.001
0.528	0.168	0.001	0.303
0.327	0.357	0.045	0.272
0.001	0.001	0.001	0.997
0.001	0.256	0.205	0.538
>GTTTCTGTAT	16-GTTTCTGTAT	9.192475	-20.370691	0	T:23.0(3.05%),B:282.1(0.61%),P:1e-8	Tpos:201.6,Tstd:108.5,Bpos:185.4,Bstd:100.2,StrandBias:0.0,Multiplicity:1.13
0.255	0.065	0.628	0.052
0.023	0.052	0.198	0.727
0.001	0.355	0.108	0.536
0.034	0.060	0.178	0.728
0.138	0.860	0.001	0.001
0.219	0.001	0.001	0.779
0.022	0.131	0.845	0.002
0.042	0.093	0.064	0.801
0.498	0.184	0.146	0.172
0.041	0.079	0.025	0.855
>GTGACTCACC	17-GTGACTCACC	6.945698	-19.134397	0	T:100.0(13.25%),B:3298.0(7.17%),P:1e-8	Tpos:187.4,Tstd:93.6,Bpos:174.1,Bstd:102.1,StrandBias:-0.3,Multiplicity:1.05
0.071	0.074	0.825	0.030
0.082	0.114	0.078	0.726
0.021	0.048	0.879	0.052
0.784	0.038	0.085	0.093
0.077	0.751	0.091	0.081
0.085	0.037	0.088	0.790
0.102	0.824	0.022	0.052
0.875	0.029	0.057	0.039
0.067	0.806	0.041	0.086
0.090	0.746	0.058	0.106
>GCAGGTGTGG	18-GCAGGTGTGG	9.232490	-16.694884	0	T:41.0(5.43%),B:947.0(2.06%),P:1e-7	Tpos:147.4,Tstd:92.9,Bpos:170.0,Bstd:100.8,StrandBias:0.6,Multiplicity:1.02
0.130	0.242	0.627	0.001
0.135	0.622	0.022	0.221
0.908	0.090	0.001	0.001
0.001	0.001	0.997	0.001
0.120	0.001	0.814	0.065
0.050	0.001	0.149	0.800
0.001	0.001	0.997	0.001
0.001	0.140	0.007	0.852
0.210	0.001	0.632	0.157
0.149	0.001	0.797	0.053
>CWKCTAAGWT	19-CWKCTAAGWT	6.417651	-16.546896	0	T:20.0(2.65%),B:268.7(0.58%),P:1e-7	Tpos:145.7,Tstd:90.5,Bpos:160.6,Bstd:88.7,StrandBias:-0.1,Multiplicity:1.05
0.113	0.795	0.054	0.038
0.519	0.022	0.079	0.380
0.163	0.078	0.366	0.393
0.186	0.417	0.149	0.248
0.101	0.317	0.085	0.497
0.486	0.099	0.251	0.165
0.530	0.078	0.032	0.360
0.012	0.071	0.572	0.345
0.467	0.103	0.101	0.329
0.319	0.069	0.104	0.508
>CAACTGGGAT	20-CAACTGGGAT	11.479751	-15.267050	0	T:9.0(1.19%),B:46.2(0.10%),P:1e-6	Tpos:177.1,Tstd:82.6,Bpos:160.6,Bstd:80.5,StrandBias:-1.0,Multiplicity:1.00
0.001	0.997	0.001	0.001
0.997	0.001	0.001	0.001
0.997	0.001	0.001	0.001
0.001	0.890	0.108	0.001
0.001	0.001	0.001	0.997
0.001	0.001	0.997	0.001
0.001	0.001	0.997	0.001
0.001	0.001	0.997	0.001
0.875	0.001	0.123	0.001
0.001	0.001	0.001	0.997
>AGCGTTGGTC	21-AGCGTTGGTC	10.296193	-12.993151	0	T:4.0(0.53%),B:3.5(0.01%),P:1e-5	Tpos:179.2,Tstd:87.9,Bpos:105.5,Bstd:30.2,StrandBias:0.0,Multiplicity:1.00
0.700	0.100	0.100	0.100
0.100	0.100	0.700	0.100
0.100	0.700	0.100	0.100
0.100	0.100	0.700	0.100
0.100	0.100	0.100	0.700
0.100	0.100	0.100	0.700
0.100	0.100	0.700	0.100
0.100	0.100	0.700	0.100
0.100	0.100	0.100	0.700
0.100	0.700	0.100	0.100
>GCCGCGGCGC	22-GCCGCGGCGC	7.207714	-9.598617	0	T:202.0(26.75%),B:9578.1(20.83%),P:1e-4	Tpos:204.7,Tstd:95.4,Bpos:209.7,Bstd:100.1,StrandBias:-0.2,Multiplicity:1.54
0.051	0.077	0.784	0.088
0.065	0.760	0.105	0.070
0.066	0.781	0.064	0.089
0.030	0.053	0.877	0.040
0.086	0.772	0.095	0.047
0.070	0.070	0.822	0.038
0.090	0.108	0.755	0.047
0.063	0.827	0.064	0.046
0.059	0.050	0.860	0.031
0.120	0.768	0.067	0.045
