>ATGAGTCA	1-ATGAGTCA	6.153473	-31.489726	0	T:194.0(25.56%),B:6832.9(14.86%),P:1e-13	Tpos:176.6,Tstd:95.9,Bpos:174.2,Bstd:102.8,StrandBias:-0.0,Multiplicity:1.27
0.661	0.121	0.215	0.003
0.067	0.001	0.001	0.931
0.001	0.001	0.712	0.286
0.837	0.001	0.001	0.161
0.129	0.239	0.441	0.191
0.002	0.038	0.001	0.959
0.041	0.857	0.101	0.001
0.812	0.166	0.021	0.001
>GAAATTCC	2-GAAATTCC	7.105106	-29.681636	0	T:114.0(15.02%),B:3281.4(7.14%),P:1e-12	Tpos:174.6,Tstd:102.9,Bpos:176.3,Bstd:102.5,StrandBias:0.1,Multiplicity:1.13
0.001	0.001	0.997	0.001
0.945	0.010	0.044	0.001
0.919	0.016	0.050	0.015
0.722	0.032	0.001	0.245
0.045	0.078	0.156	0.721
0.001	0.036	0.001	0.962
0.057	0.930	0.001	0.012
0.001	0.990	0.008	0.001
>TATAAAAG	3-TATAAAAG	6.071591	-28.227031	0	T:224.0(29.51%),B:8583.5(18.67%),P:1e-12	Tpos:197.6,Tstd:98.0,Bpos:167.4,Bstd:102.9,StrandBias:0.8,Multiplicity:1.31
0.049	0.284	0.002	0.665
0.994	0.004	0.001	0.001
0.001	0.052	0.001	0.946
0.726	0.031	0.242	0.001
0.996	0.001	0.001	0.002
0.716	0.133	0.147	0.004
0.527	0.001	0.259	0.213
0.278	0.195	0.526	0.001
>GGGGGTTT	4-GGGGGTTT	6.486872	-23.048509	0	T:175.0(23.06%),B:6557.1(14.26%),P:1e-10	Tpos:158.0,Tstd:92.6,Bpos:164.3,Bstd:102.5,StrandBias:0.1,Multiplicity:1.14
0.001	0.001	0.950	0.048
0.001	0.001	0.971	0.027
0.027	0.001	0.893	0.079
0.033	0.001	0.911	0.055
0.091	0.103	0.765	0.041
0.001	0.080	0.137	0.782
0.011	0.001	0.001	0.987
0.135	0.051	0.001	0.813
>CAAGATAG	5-CAAGATAG	7.328357	-11.776844	0	T:43.0(5.67%),B:1236.4(2.69%),P:1e-5	Tpos:191.4,Tstd:97.4,Bpos:165.9,Bstd:103.4,StrandBias:-0.6,Multiplicity:1.05
0.001	0.997	0.001	0.001
0.997	0.001	0.001	0.001
0.997	0.001	0.001	0.001
0.001	0.001	0.997	0.001
0.933	0.001	0.001	0.065
0.001	0.364	0.001	0.634
0.997	0.001	0.001	0.001
0.001	0.001	0.997	0.001
