>GAAATTCC	1-GAAATTCC	7.094594	-30.009076	0	T:114.0(15.10%),B:3282.5(7.14%),P:1e-13	Tpos:174.6,Tstd:102.9,Bpos:176.2,Bstd:102.5,StrandBias:0.1,Multiplicity:1.13
0.001	0.001	0.997	0.001
0.954	0.001	0.044	0.001
0.917	0.017	0.051	0.015
0.719	0.032	0.001	0.248
0.045	0.079	0.158	0.718
0.001	0.036	0.001	0.962
0.057	0.930	0.001	0.012
0.001	0.990	0.008	0.001
>TATAAAAG	2-TATAAAAG	5.904404	-25.191399	0	T:205.0(27.15%),B:7923.0(17.23%),P:1e-10	Tpos:187.7,Tstd:100.8,Bpos:169.6,Bstd:102.8,StrandBias:0.9,Multiplicity:1.41
0.001	0.163	0.001	0.835
0.903	0.095	0.001	0.001
0.001	0.280	0.001	0.718
0.957	0.041	0.001	0.001
0.821	0.001	0.001	0.177
0.600	0.073	0.274	0.053
0.558	0.131	0.310	0.001
0.328	0.193	0.479	0.001
>GGGGGTTT	3-GGGGGTTT	6.369800	-24.076465	0	T:173.0(22.91%),B:6408.4(13.94%),P:1e-10	Tpos:159.5,Tstd:92.6,Bpos:164.7,Bstd:102.6,StrandBias:0.1,Multiplicity:1.14
0.001	0.023	0.927	0.049
0.001	0.001	0.997	0.001
0.027	0.001	0.892	0.080
0.033	0.001	0.911	0.055
0.092	0.104	0.763	0.041
0.001	0.081	0.137	0.781
0.011	0.001	0.001	0.987
0.135	0.051	0.001	0.813
>RTGASTCA	4-RTGASTCA	6.556528	-23.315050	0	T:127.0(16.82%),B:4257.9(9.26%),P:1e-10	Tpos:184.9,Tstd:94.7,Bpos:172.6,Bstd:101.2,StrandBias:-0.0,Multiplicity:1.17
0.505	0.063	0.431	0.001
0.075	0.034	0.001	0.890
0.001	0.046	0.600	0.353
0.745	0.001	0.020	0.234
0.113	0.304	0.410	0.173
0.130	0.003	0.001	0.866
0.196	0.777	0.026	0.001
0.832	0.101	0.032	0.035
>CAAGATAG	5-CAAGATAG	7.312853	-11.900805	0	T:43.0(5.70%),B:1236.4(2.69%),P:1e-5	Tpos:191.4,Tstd:97.4,Bpos:166.2,Bstd:103.5,StrandBias:-0.6,Multiplicity:1.05
0.001	0.997	0.001	0.001
0.997	0.001	0.001	0.001
0.997	0.001	0.001	0.001
0.001	0.001	0.997	0.001
0.934	0.001	0.001	0.064
0.001	0.364	0.001	0.634
0.997	0.001	0.001	0.001
0.001	0.001	0.997	0.001
