>TTTATAAC	1-TTTATAAC	7.011975	-15.659528	0	T:60.0(12.45%),B:2737.1(6.05%),P:1e-6	Tpos:166.0,Tstd:99.0,Bpos:160.2,Bstd:104.3,StrandBias:0.1,Multiplicity:1.17
0.022	0.001	0.001	0.976
0.127	0.090	0.001	0.782
0.001	0.001	0.033	0.965
0.997	0.001	0.001	0.001
0.079	0.064	0.001	0.856
0.948	0.001	0.050	0.001
0.709	0.172	0.082	0.037
0.125	0.760	0.034	0.081
>TCCCCSCA	2-TCCCCSCA	7.280961	-14.329402	0	T:75.0(15.56%),B:3896.9(8.61%),P:1e-6	Tpos:165.7,Tstd:89.9,Bpos:170.2,Bstd:106.8,StrandBias:0.2,Multiplicity:1.25
0.357	0.001	0.001	0.641
0.001	0.918	0.080	0.001
0.008	0.972	0.001	0.019
0.001	0.964	0.015	0.020
0.001	0.997	0.001	0.001
0.001	0.492	0.506	0.001
0.015	0.917	0.001	0.067
0.997	0.001	0.001	0.001
>TGGTATTG	3-TGGTATTG	8.203411	-12.360681	0	T:26.0(5.39%),B:869.5(1.92%),P:1e-5	Tpos:172.4,Tstd:94.7,Bpos:153.9,Bstd:106.2,StrandBias:-0.1,Multiplicity:1.04
0.001	0.001	0.001	0.997
0.001	0.267	0.731	0.001
0.001	0.001	0.997	0.001
0.317	0.001	0.001	0.681
0.997	0.001	0.001	0.001
0.001	0.001	0.001	0.997
0.079	0.001	0.149	0.771
0.001	0.001	0.851	0.147
>TCAAATTT	4-TCAAATTT	5.302589	-10.477131	0	T:135.0(28.01%),B:9141.7(20.21%),P:1e-4	Tpos:148.1,Tstd:91.1,Bpos:146.6,Bstd:93.2,StrandBias:0.1,Multiplicity:1.46
0.130	0.090	0.073	0.707
0.046	0.675	0.135	0.144
0.873	0.037	0.035	0.055
0.768	0.130	0.094	0.008
0.759	0.128	0.077	0.036
0.061	0.112	0.147	0.680
0.115	0.061	0.074	0.750
0.086	0.048	0.068	0.798
>TCATAGAC	5-TCATAGAC	8.236954	-3.556011	0	T:4.0(0.83%),B:105.5(0.23%),P:1e-1	Tpos:182.3,Tstd:79.8,Bpos:176.5,Bstd:99.9,StrandBias:1.0,Multiplicity:2.25
0.100	0.100	0.100	0.700
0.100	0.700	0.100	0.100
0.700	0.100	0.100	0.100
0.100	0.100	0.100	0.700
0.700	0.100	0.100	0.100
0.100	0.100	0.700	0.100
0.700	0.100	0.100	0.100
0.100	0.700	0.100	0.100
