>AGCAGCCAGGGA	1-AGCAGCCAGGGA	10.144019	-29.003030	0	T:37.0(7.68%),B:790.9(1.75%),P:1e-12	Tpos:166.7,Tstd:96.4,Bpos:176.7,Bstd:117.4,StrandBias:0.5,Multiplicity:1.03
0.806	0.045	0.044	0.105
0.001	0.088	0.910	0.001
0.001	0.956	0.042	0.001
0.944	0.054	0.001	0.001
0.159	0.001	0.708	0.132
0.001	0.689	0.206	0.104
0.001	0.879	0.016	0.104
0.524	0.001	0.233	0.242
0.067	0.001	0.931	0.001
0.075	0.079	0.845	0.001
0.001	0.163	0.835	0.001
0.950	0.048	0.001	0.001
>CTCTGGMCACTT	2-CTCTGGMCACTT	11.248314	-27.533238	0	T:18.0(3.73%),B:163.2(0.36%),P:1e-11	Tpos:188.7,Tstd:113.9,Bpos:191.8,Bstd:106.3,StrandBias:-0.3,Multiplicity:1.00
0.001	0.997	0.001	0.001
0.001	0.065	0.001	0.933
0.001	0.997	0.001	0.001
0.001	0.409	0.001	0.589
0.001	0.173	0.825	0.001
0.001	0.001	0.997	0.001
0.454	0.544	0.001	0.001
0.150	0.848	0.001	0.001
0.684	0.110	0.205	0.001
0.001	0.997	0.001	0.001
0.073	0.001	0.001	0.925
0.126	0.074	0.140	0.660
>AGCTGGGAGTGG	3-AGCTGGGAGTGG	11.161212	-23.310918	0	T:40.0(8.30%),B:1116.9(2.47%),P:1e-10	Tpos:203.1,Tstd:91.8,Bpos:200.2,Bstd:106.0,StrandBias:-0.2,Multiplicity:1.02
0.478	0.057	0.209	0.256
0.001	0.062	0.886	0.051
0.001	0.971	0.027	0.001
0.082	0.100	0.139	0.679
0.001	0.001	0.997	0.001
0.001	0.001	0.997	0.001
0.048	0.001	0.950	0.001
0.816	0.001	0.138	0.045
0.001	0.082	0.916	0.001
0.105	0.001	0.274	0.620
0.001	0.001	0.997	0.001
0.001	0.001	0.870	0.128
>GGGGTGGTGAGC	4-GGGGTGGTGAGC	11.507190	-23.229947	0	T:14.0(2.90%),B:112.3(0.25%),P:1e-10	Tpos:209.4,Tstd:113.2,Bpos:172.5,Bstd:108.1,StrandBias:1.0,Multiplicity:1.07
0.001	0.001	0.997	0.001
0.085	0.139	0.775	0.001
0.001	0.001	0.997	0.001
0.001	0.001	0.997	0.001
0.001	0.001	0.084	0.914
0.084	0.001	0.914	0.001
0.001	0.096	0.902	0.001
0.089	0.001	0.001	0.909
0.001	0.001	0.997	0.001
0.873	0.001	0.064	0.062
0.021	0.090	0.888	0.001
0.105	0.830	0.064	0.001
>ATAGCAGAGGTC	5-ATAGCAGAGGTC	12.043928	-23.117372	0	T:8.0(1.66%),B:16.6(0.04%),P:1e-10	Tpos:124.6,Tstd:107.8,Bpos:145.9,Bstd:79.9,StrandBias:1.6,Multiplicity:1.00
0.997	0.001	0.001	0.001
0.270	0.101	0.001	0.628
0.994	0.001	0.004	0.001
0.001	0.001	0.997	0.001
0.001	0.736	0.104	0.159
0.693	0.171	0.001	0.135
0.121	0.159	0.719	0.001
0.997	0.001	0.001	0.001
0.001	0.158	0.840	0.001
0.001	0.001	0.997	0.001
0.158	0.001	0.001	0.840
0.121	0.584	0.294	0.001
>TAACTTCAGGTC	6-TAACTTCAGGTC	14.257152	-22.782984	0	T:5.0(1.04%),B:1.0(0.00%),P:1e-9	Tpos:165.8,Tstd:122.6,Bpos:167.1,Bstd:9.8,StrandBias:0.6,Multiplicity:1.00
0.001	0.001	0.001	0.997
0.997	0.001	0.001	0.001
0.997	0.001	0.001	0.001
0.001	0.997	0.001	0.001
0.001	0.001	0.001	0.997
0.001	0.001	0.001	0.997
0.001	0.997	0.001	0.001
0.799	0.001	0.001	0.199
0.001	0.001	0.997	0.001
0.001	0.199	0.799	0.001
0.001	0.200	0.200	0.599
0.001	0.997	0.001	0.001
>CAAGGCACAGAT	7-CAAGGCACAGAT	14.154177	-22.034520	0	T:6.0(1.24%),B:4.6(0.01%),P:1e-9	Tpos:152.5,Tstd:39.1,Bpos:180.8,Bstd:101.5,StrandBias:1.0,Multiplicity:1.00
0.001	0.779	0.219	0.001
0.812	0.001	0.186	0.001
0.997	0.001	0.001	0.001
0.186	0.220	0.593	0.001
0.001	0.001	0.997	0.001
0.001	0.997	0.001	0.001
0.997	0.001	0.001	0.001
0.001	0.997	0.001	0.001
0.997	0.001	0.001	0.001
0.001	0.001	0.997	0.001
0.997	0.001	0.001	0.001
0.001	0.001	0.001	0.997
>ATGCTACCAGGA	8-ATGCTACCAGGA	14.017318	-21.255020	0	T:6.0(1.24%),B:5.5(0.01%),P:1e-9	Tpos:120.8,Tstd:93.9,Bpos:137.9,Bstd:92.4,StrandBias:2.3,Multiplicity:1.00
0.997	0.001	0.001	0.001
0.001	0.001	0.001	0.997
0.001	0.001	0.997	0.001
0.001	0.997	0.001	0.001
0.177	0.001	0.001	0.821
0.713	0.001	0.135	0.151
0.001	0.821	0.177	0.001
0.001	0.997	0.001	0.001
0.997	0.001	0.001	0.001
0.001	0.001	0.997	0.001
0.001	0.001	0.997	0.001
0.821	0.177	0.001	0.001
>TCTTCAWGGCTC	9-TCTTCAWGGCTC	12.444513	-20.530937	0	T:8.0(1.66%),B:24.4(0.05%),P:1e-8	Tpos:173.8,Tstd:60.7,Bpos:169.6,Bstd:67.3,StrandBias:0.7,Multiplicity:1.00
0.001	0.001	0.001	0.997
0.001	0.795	0.203	0.001
0.001	0.369	0.001	0.629
0.001	0.192	0.001	0.806
0.001	0.997	0.001	0.001
0.869	0.001	0.001	0.129
0.555	0.001	0.001	0.443
0.001	0.001	0.986	0.012
0.311	0.001	0.687	0.001
0.001	0.793	0.010	0.196
0.013	0.001	0.001	0.985
0.001	0.997	0.001	0.001
>AGCACMGKCATT	10-AGCACMGKCATT	10.895481	-20.200575	0	T:11.0(2.28%),B:74.5(0.16%),P:1e-8	Tpos:155.3,Tstd:104.4,Bpos:137.0,Bstd:86.3,StrandBias:2.2,Multiplicity:1.00
0.510	0.172	0.146	0.172
0.001	0.001	0.969	0.029
0.001	0.676	0.001	0.322
0.827	0.001	0.001	0.171
0.171	0.511	0.317	0.001
0.510	0.488	0.001	0.001
0.001	0.001	0.997	0.001
0.001	0.001	0.448	0.550
0.129	0.869	0.001	0.001
0.997	0.001	0.001	0.001
0.380	0.001	0.001	0.618
0.001	0.001	0.001	0.997
>RGSACACTGTCC	11-RGSACACTGTCC	11.944576	-19.410083	0	T:6.0(1.24%),B:8.7(0.02%),P:1e-8	Tpos:151.0,Tstd:92.7,Bpos:215.4,Bstd:67.8,StrandBias:0.0,Multiplicity:1.00
0.477	0.001	0.521	0.001
0.001	0.001	0.997	0.001
0.001	0.442	0.556	0.001
0.997	0.001	0.001	0.001
0.035	0.963	0.001	0.001
0.997	0.001	0.001	0.001
0.001	0.960	0.038	0.001
0.001	0.001	0.001	0.997
0.001	0.001	0.997	0.001
0.035	0.001	0.001	0.963
0.001	0.997	0.001	0.001
0.001	0.997	0.001	0.001
>TATTCCGGCCCC	12-TATTCCGGCCCC	13.610778	-19.311252	0	T:7.0(1.45%),B:17.7(0.04%),P:1e-8	Tpos:200.3,Tstd:96.6,Bpos:183.6,Bstd:102.3,StrandBias:-0.4,Multiplicity:1.00
0.001	0.145	0.001	0.853
0.887	0.111	0.001	0.001
0.001	0.001	0.145	0.853
0.001	0.001	0.001	0.997
0.001	0.827	0.171	0.001
0.001	0.997	0.001	0.001
0.001	0.001	0.997	0.001
0.001	0.001	0.997	0.001
0.001	0.868	0.001	0.130
0.145	0.853	0.001	0.001
0.001	0.997	0.001	0.001
0.001	0.997	0.001	0.001
>CGCGCCAACCAG	13-CGCGCCAACCAG	13.680993	-19.311252	0	T:7.0(1.45%),B:17.6(0.04%),P:1e-8	Tpos:258.7,Tstd:91.4,Bpos:231.9,Bstd:91.7,StrandBias:-0.4,Multiplicity:1.00
0.001	0.997	0.001	0.001
0.001	0.001	0.997	0.001
0.001	0.997	0.001	0.001
0.001	0.001	0.880	0.118
0.001	0.854	0.144	0.001
0.001	0.854	0.144	0.001
0.997	0.001	0.001	0.001
0.997	0.001	0.001	0.001
0.001	0.724	0.104	0.171
0.001	0.997	0.001	0.001
0.854	0.144	0.001	0.001
0.001	0.001	0.997	0.001
>CCAGCCCCDGGC	14-CCAGCCCCDGGC	9.321265	-18.659528	0	T:81.0(16.80%),B:3898.7(8.62%),P:1e-8	Tpos:202.5,Tstd:94.4,Bpos:180.7,Bstd:109.3,StrandBias:0.6,Multiplicity:1.16
0.141	0.595	0.245	0.019
0.001	0.937	0.017	0.045
0.729	0.081	0.099	0.091
0.001	0.072	0.916	0.011
0.010	0.730	0.145	0.115
0.001	0.924	0.070	0.005
0.008	0.780	0.196	0.016
0.005	0.706	0.148	0.141
0.231	0.130	0.272	0.367
0.017	0.018	0.833	0.132
0.086	0.012	0.826	0.076
0.062	0.765	0.167	0.006
>TCCAGCAGGAGT	15-TCCAGCAGGAGT	15.499861	-18.222260	0	T:4.0(0.83%),B:0.8(0.00%),P:1e-7	Tpos:50.2,Tstd:24.8,Bpos:287.0,Bstd:0.0,StrandBias:-1.6,Multiplicity:1.00
0.001	0.001	0.001	0.997
0.001	0.997	0.001	0.001
0.001	0.997	0.001	0.001
0.997	0.001	0.001	0.001
0.001	0.332	0.666	0.001
0.001	0.997	0.001	0.001
0.997	0.001	0.001	0.001
0.001	0.001	0.997	0.001
0.001	0.001	0.997	0.001
0.997	0.001	0.001	0.001
0.001	0.001	0.997	0.001
0.001	0.001	0.001	0.997
>TGCTCGCGCTGC	16-TGCTCGCGCTGC	13.221524	-18.146826	0	T:10.0(2.07%),B:70.7(0.16%),P:1e-7	Tpos:226.8,Tstd:88.0,Bpos:189.2,Bstd:123.3,StrandBias:0.6,Multiplicity:1.00
0.001	0.001	0.001	0.997
0.001	0.001	0.997	0.001
0.001	0.997	0.001	0.001
0.087	0.072	0.100	0.741
0.001	0.997	0.001	0.001
0.001	0.086	0.912	0.001
0.001	0.826	0.001	0.172
0.001	0.083	0.915	0.001
0.001	0.997	0.001	0.001
0.001	0.146	0.001	0.852
0.001	0.001	0.997	0.001
0.001	0.921	0.077	0.001
>CTTTATAAAGTC	17-CTTTATAAAGTC	14.003732	-16.699781	0	T:5.0(1.04%),B:6.4(0.01%),P:1e-7	Tpos:269.6,Tstd:29.3,Bpos:238.2,Bstd:23.9,StrandBias:0.6,Multiplicity:1.00
0.001	0.997	0.001	0.001
0.001	0.001	0.001	0.997
0.001	0.001	0.001	0.997
0.001	0.001	0.001	0.997
0.997	0.001	0.001	0.001
0.001	0.001	0.001	0.997
0.842	0.001	0.156	0.001
0.814	0.184	0.001	0.001
0.814	0.001	0.184	0.001
0.001	0.001	0.997	0.001
0.001	0.129	0.157	0.713
0.001	0.997	0.001	0.001
>TTTCCACCTTCT	18-TTTCCACCTTCT	10.619084	-16.692047	0	T:18.0(3.73%),B:336.6(0.74%),P:1e-7	Tpos:145.1,Tstd:89.1,Bpos:159.3,Bstd:114.0,StrandBias:-0.7,Multiplicity:1.00
0.001	0.001	0.001	0.997
0.088	0.218	0.001	0.693
0.104	0.001	0.001	0.894
0.184	0.567	0.001	0.248
0.079	0.919	0.001	0.001
0.944	0.001	0.001	0.054
0.001	0.746	0.165	0.088
0.001	0.997	0.001	0.001
0.088	0.001	0.104	0.807
0.001	0.262	0.001	0.736
0.001	0.806	0.001	0.192
0.088	0.001	0.001	0.910
>GTGGACGACTCC	19-GTGGACGACTCC	13.818627	-16.268950	0	T:6.0(1.24%),B:16.7(0.04%),P:1e-7	Tpos:189.3,Tstd:110.2,Bpos:194.8,Bstd:142.1,StrandBias:2.3,Multiplicity:1.00
0.001	0.001	0.997	0.001
0.001	0.001	0.160	0.838
0.001	0.001	0.997	0.001
0.001	0.001	0.997	0.001
0.543	0.209	0.247	0.001
0.001	0.997	0.001	0.001
0.001	0.001	0.997	0.001
0.997	0.001	0.001	0.001
0.001	0.863	0.135	0.001
0.001	0.001	0.001	0.997
0.001	0.997	0.001	0.001
0.001	0.997	0.001	0.001
>CAACTTCGGCTT	20-CAACTTCGGCTT	10.539331	-16.113430	0	T:11.0(2.28%),B:114.1(0.25%),P:1e-6	Tpos:125.5,Tstd:94.0,Bpos:178.6,Bstd:109.0,StrandBias:0.3,Multiplicity:1.00
0.001	0.997	0.001	0.001
0.997	0.001	0.001	0.001
0.997	0.001	0.001	0.001
0.047	0.951	0.001	0.001
0.187	0.135	0.236	0.442
0.001	0.045	0.187	0.767
0.221	0.512	0.046	0.221
0.002	0.001	0.977	0.020
0.135	0.187	0.677	0.001
0.001	0.997	0.001	0.001
0.001	0.186	0.001	0.812
0.002	0.001	0.023	0.974
>AGCCTTCCCAGC	21-AGCCTTCCCAGC	10.371482	-15.410334	0	T:24.0(4.98%),B:635.5(1.40%),P:1e-6	Tpos:196.1,Tstd:92.2,Bpos:160.8,Bstd:112.2,StrandBias:0.5,Multiplicity:1.00
0.798	0.001	0.200	0.001
0.105	0.189	0.705	0.001
0.001	0.579	0.001	0.419
0.001	0.769	0.148	0.082
0.079	0.001	0.001	0.919
0.138	0.319	0.001	0.542
0.001	0.845	0.003	0.151
0.001	0.997	0.001	0.001
0.001	0.843	0.001	0.155
0.907	0.056	0.001	0.036
0.001	0.313	0.685	0.001
0.105	0.560	0.001	0.334
>GGGGGCAGGCCA	22-GGGGGCAGGCCA	13.140725	-14.193780	0	T:8.0(1.66%),B:61.1(0.14%),P:1e-6	Tpos:173.4,Tstd:53.2,Bpos:186.8,Bstd:133.5,StrandBias:-0.3,Multiplicity:1.38
0.001	0.001	0.997	0.001
0.001	0.001	0.875	0.123
0.069	0.001	0.929	0.001
0.162	0.001	0.836	0.001
0.001	0.048	0.950	0.001
0.001	0.861	0.137	0.001
0.949	0.001	0.049	0.001
0.001	0.001	0.997	0.001
0.001	0.001	0.997	0.001
0.001	0.910	0.001	0.088
0.001	0.997	0.001	0.001
0.885	0.050	0.001	0.064
>ATTATTTTATAA	23-ATTATTTTATAA	13.498725	-12.752534	0	T:5.0(1.04%),B:17.3(0.04%),P:1e-5	Tpos:162.1,Tstd:55.1,Bpos:116.5,Bstd:57.6,StrandBias:1.8,Multiplicity:1.60
0.997	0.001	0.001	0.001
0.001	0.001	0.001	0.997
0.194	0.194	0.001	0.611
0.997	0.001	0.001	0.001
0.001	0.001	0.001	0.997
0.001	0.001	0.001	0.997
0.001	0.001	0.001	0.997
0.001	0.001	0.001	0.997
0.825	0.001	0.001	0.173
0.001	0.387	0.001	0.611
0.997	0.001	0.001	0.001
0.547	0.224	0.001	0.228
>GCACTTCATAGA	24-GCACTTCATAGA	12.355432	-4.552478	0	T:1.0(0.21%),B:0.0(0.00%),P:1e-1	Tpos:209.7,Tstd:66.8,Bpos:0.0,Bstd:0.0,StrandBias:10.0,Multiplicity:6.00
0.100	0.100	0.700	0.100
0.100	0.700	0.100	0.100
0.700	0.100	0.100	0.100
0.100	0.700	0.100	0.100
0.100	0.100	0.100	0.700
0.100	0.100	0.100	0.700
0.100	0.700	0.100	0.100
0.700	0.100	0.100	0.100
0.100	0.100	0.100	0.700
0.700	0.100	0.100	0.100
0.100	0.100	0.700	0.100
0.700	0.100	0.100	0.100
