>AGCAGCCAGGGA	1-AGCAGCCAGGGA	10.145251	-28.906972	0	T:37.0(7.66%),B:790.1(1.75%),P:1e-12	Tpos:166.7,Tstd:96.4,Bpos:176.7,Bstd:117.6,StrandBias:0.5,Multiplicity:1.03
0.807	0.045	0.044	0.104
0.001	0.088	0.910	0.001
0.001	0.957	0.041	0.001
0.944	0.054	0.001	0.001
0.159	0.001	0.708	0.132
0.001	0.689	0.206	0.104
0.001	0.879	0.016	0.104
0.523	0.001	0.234	0.242
0.067	0.001	0.931	0.001
0.075	0.079	0.845	0.001
0.001	0.163	0.835	0.001
0.949	0.049	0.001	0.001
>GGGGTGGTGAGC	2-GGGGTGGTGAGC	11.364794	-24.422054	0	T:15.0(3.11%),B:123.4(0.27%),P:1e-10	Tpos:216.9,Tstd:113.4,Bpos:176.4,Bstd:107.6,StrandBias:1.1,Multiplicity:1.07
0.001	0.001	0.997	0.001
0.080	0.131	0.788	0.001
0.001	0.001	0.997	0.001
0.001	0.001	0.997	0.001
0.001	0.001	0.079	0.919
0.079	0.001	0.919	0.001
0.001	0.091	0.907	0.001
0.084	0.001	0.001	0.914
0.001	0.001	0.997	0.001
0.815	0.063	0.063	0.059
0.020	0.085	0.894	0.001
0.091	0.847	0.061	0.001
>AGCTGGGAGTGG	3-AGCTGGGAGTGG	10.942969	-23.584150	0	T:43.0(8.90%),B:1252.3(2.77%),P:1e-10	Tpos:195.3,Tstd:95.7,Bpos:198.4,Bstd:105.9,StrandBias:0.0,Multiplicity:1.02
0.562	0.027	0.209	0.202
0.001	0.075	0.923	0.001
0.001	0.910	0.088	0.001
0.101	0.123	0.095	0.681
0.001	0.001	0.997	0.001
0.001	0.001	0.997	0.001
0.001	0.001	0.997	0.001
0.837	0.001	0.106	0.056
0.001	0.117	0.881	0.001
0.129	0.001	0.124	0.746
0.001	0.001	0.997	0.001
0.001	0.001	0.874	0.124
>ATAGCAGAGGTC	4-ATAGCAGAGGTC	12.043928	-23.092049	0	T:8.0(1.66%),B:16.6(0.04%),P:1e-10	Tpos:124.6,Tstd:107.8,Bpos:146.0,Bstd:80.6,StrandBias:1.6,Multiplicity:1.00
0.997	0.001	0.001	0.001
0.270	0.101	0.001	0.628
0.994	0.001	0.004	0.001
0.001	0.001	0.997	0.001
0.001	0.736	0.104	0.159
0.693	0.171	0.001	0.135
0.121	0.159	0.719	0.001
0.997	0.001	0.001	0.001
0.001	0.158	0.840	0.001
0.001	0.001	0.997	0.001
0.158	0.001	0.001	0.840
0.121	0.584	0.294	0.001
>TAACTTCAGGTC	5-TAACTTCAGGTC	14.257152	-22.766889	0	T:5.0(1.04%),B:1.0(0.00%),P:1e-9	Tpos:165.8,Tstd:122.6,Bpos:167.1,Bstd:9.8,StrandBias:0.6,Multiplicity:1.00
0.001	0.001	0.001	0.997
0.997	0.001	0.001	0.001
0.997	0.001	0.001	0.001
0.001	0.997	0.001	0.001
0.001	0.001	0.001	0.997
0.001	0.001	0.001	0.997
0.001	0.997	0.001	0.001
0.799	0.001	0.001	0.199
0.001	0.001	0.997	0.001
0.001	0.199	0.799	0.001
0.001	0.200	0.200	0.599
0.001	0.997	0.001	0.001
>CTCTGGMCACTT	6-CTCTGGMCACTT	11.663477	-22.228850	0	T:12.0(2.48%),B:78.2(0.17%),P:1e-9	Tpos:170.5,Tstd:103.6,Bpos:195.2,Bstd:112.9,StrandBias:0.5,Multiplicity:1.00
0.001	0.997	0.001	0.001
0.001	0.001	0.001	0.997
0.001	0.997	0.001	0.001
0.001	0.010	0.150	0.839
0.001	0.287	0.711	0.001
0.001	0.001	0.864	0.134
0.428	0.570	0.001	0.001
0.107	0.891	0.001	0.001
0.604	0.007	0.274	0.115
0.001	0.997	0.001	0.001
0.001	0.001	0.001	0.997
0.177	0.001	0.001	0.821
>CAAGGCACAGAT	7-CAAGGCACAGAT	14.154177	-22.015309	0	T:6.0(1.24%),B:4.6(0.01%),P:1e-9	Tpos:152.5,Tstd:39.1,Bpos:180.3,Bstd:101.5,StrandBias:1.0,Multiplicity:1.00
0.001	0.779	0.219	0.001
0.812	0.001	0.186	0.001
0.997	0.001	0.001	0.001
0.186	0.220	0.593	0.001
0.001	0.001	0.997	0.001
0.001	0.997	0.001	0.001
0.997	0.001	0.001	0.001
0.001	0.997	0.001	0.001
0.997	0.001	0.001	0.001
0.001	0.001	0.997	0.001
0.997	0.001	0.001	0.001
0.001	0.001	0.001	0.997
>ATGCTACCAGGA	8-ATGCTACCAGGA	14.017318	-21.235838	0	T:6.0(1.24%),B:5.6(0.01%),P:1e-9	Tpos:120.8,Tstd:93.9,Bpos:137.5,Bstd:93.3,StrandBias:2.3,Multiplicity:1.00
0.997	0.001	0.001	0.001
0.001	0.001	0.001	0.997
0.001	0.001	0.997	0.001
0.001	0.997	0.001	0.001
0.177	0.001	0.001	0.821
0.713	0.001	0.135	0.151
0.001	0.821	0.177	0.001
0.001	0.997	0.001	0.001
0.997	0.001	0.001	0.001
0.001	0.001	0.997	0.001
0.001	0.001	0.997	0.001
0.821	0.177	0.001	0.001
>AGCACMGKCATT	9-AGCACMGKCATT	10.937199	-20.167313	0	T:11.0(2.28%),B:74.4(0.16%),P:1e-8	Tpos:155.3,Tstd:104.4,Bpos:137.2,Bstd:86.4,StrandBias:2.2,Multiplicity:1.00
0.507	0.173	0.147	0.173
0.001	0.001	0.969	0.029
0.001	0.672	0.001	0.326
0.826	0.001	0.001	0.172
0.173	0.505	0.321	0.001
0.505	0.493	0.001	0.001
0.001	0.001	0.997	0.001
0.001	0.001	0.442	0.556
0.120	0.878	0.001	0.001
0.997	0.001	0.001	0.001
0.384	0.001	0.001	0.614
0.001	0.001	0.001	0.997
>TGCTCGCGCTGC	10-TGCTCGCGCTGC	11.153824	-20.044234	0	T:18.0(3.73%),B:266.5(0.59%),P:1e-8	Tpos:234.9,Tstd:88.5,Bpos:200.6,Bstd:113.3,StrandBias:-0.9,Multiplicity:1.11
0.001	0.198	0.001	0.800
0.104	0.252	0.643	0.001
0.001	0.931	0.001	0.067
0.093	0.044	0.149	0.714
0.001	0.997	0.001	0.001
0.001	0.068	0.930	0.001
0.001	0.807	0.088	0.104
0.001	0.050	0.730	0.219
0.001	0.997	0.001	0.001
0.001	0.001	0.001	0.997
0.001	0.228	0.770	0.001
0.001	0.890	0.108	0.001
>AGYSTTTCSASC	11-AGYSTTTCSASC	13.730900	-19.739885	0	T:5.0(1.04%),B:3.0(0.01%),P:1e-8	Tpos:172.4,Tstd:80.3,Bpos:121.8,Bstd:95.1,StrandBias:10.0,Multiplicity:1.00
0.997	0.001	0.001	0.001
0.001	0.001	0.997	0.001
0.001	0.549	0.001	0.449
0.001	0.467	0.531	0.001
0.001	0.001	0.001	0.997
0.081	0.001	0.001	0.917
0.001	0.001	0.001	0.997
0.001	0.997	0.001	0.001
0.001	0.466	0.532	0.001
0.997	0.001	0.001	0.001
0.001	0.549	0.449	0.001
0.001	0.997	0.001	0.001
>TCTTCAAGGCTC	12-TCTTCAAGGCTC	12.192954	-19.624890	0	T:7.0(1.45%),B:16.4(0.04%),P:1e-8	Tpos:205.1,Tstd:55.8,Bpos:197.6,Bstd:86.5,StrandBias:0.4,Multiplicity:1.00
0.001	0.001	0.001	0.997
0.001	0.959	0.039	0.001
0.001	0.232	0.001	0.766
0.001	0.170	0.001	0.828
0.001	0.997	0.001	0.001
0.736	0.001	0.001	0.262
0.843	0.001	0.001	0.155
0.001	0.001	0.775	0.223
0.223	0.001	0.775	0.001
0.001	0.605	0.170	0.224
0.263	0.001	0.001	0.735
0.001	0.891	0.107	0.001
>CCAGCCCCTGGC	13-CCAGCCCCTGGC	9.607686	-19.395507	0	T:69.0(14.29%),B:3021.4(6.69%),P:1e-8	Tpos:189.9,Tstd:96.6,Bpos:185.2,Bstd:111.1,StrandBias:0.5,Multiplicity:1.10
0.073	0.779	0.110	0.038
0.039	0.860	0.025	0.076
0.827	0.068	0.055	0.050
0.020	0.057	0.877	0.046
0.001	0.839	0.084	0.076
0.001	0.926	0.065	0.008
0.001	0.891	0.086	0.022
0.007	0.796	0.084	0.113
0.092	0.082	0.137	0.689
0.060	0.023	0.835	0.082
0.049	0.020	0.832	0.099
0.049	0.857	0.079	0.015
>RGSACACTGTCC	14-RGSACACTGTCC	11.944576	-19.390988	0	T:6.0(1.24%),B:8.7(0.02%),P:1e-8	Tpos:151.0,Tstd:92.7,Bpos:215.6,Bstd:68.1,StrandBias:0.0,Multiplicity:1.00
0.477	0.001	0.521	0.001
0.001	0.001	0.997	0.001
0.001	0.442	0.556	0.001
0.997	0.001	0.001	0.001
0.035	0.963	0.001	0.001
0.997	0.001	0.001	0.001
0.001	0.960	0.038	0.001
0.001	0.001	0.001	0.997
0.001	0.001	0.997	0.001
0.035	0.001	0.001	0.963
0.001	0.997	0.001	0.001
0.001	0.997	0.001	0.001
>TATTCCGGCCCC	15-TATTCCGGCCCC	13.610778	-19.289193	0	T:7.0(1.45%),B:17.7(0.04%),P:1e-8	Tpos:200.3,Tstd:96.6,Bpos:189.2,Bstd:102.2,StrandBias:-0.4,Multiplicity:1.00
0.001	0.145	0.001	0.853
0.887	0.111	0.001	0.001
0.001	0.001	0.145	0.853
0.001	0.001	0.001	0.997
0.001	0.827	0.171	0.001
0.001	0.997	0.001	0.001
0.001	0.001	0.997	0.001
0.001	0.001	0.997	0.001
0.001	0.868	0.001	0.130
0.145	0.853	0.001	0.001
0.001	0.997	0.001	0.001
0.001	0.997	0.001	0.001
>CGCGCCAACCAG	16-CGCGCCAACCAG	13.680993	-19.289193	0	T:7.0(1.45%),B:17.4(0.04%),P:1e-8	Tpos:258.7,Tstd:91.4,Bpos:232.2,Bstd:92.1,StrandBias:-0.4,Multiplicity:1.00
0.001	0.997	0.001	0.001
0.001	0.001	0.997	0.001
0.001	0.997	0.001	0.001
0.001	0.001	0.880	0.118
0.001	0.854	0.144	0.001
0.001	0.854	0.144	0.001
0.997	0.001	0.001	0.001
0.997	0.001	0.001	0.001
0.001	0.724	0.104	0.171
0.001	0.997	0.001	0.001
0.854	0.144	0.001	0.001
0.001	0.001	0.997	0.001
>GGGGCCCTGACC	17-GGGGCCCTGACC	12.725651	-18.960169	0	T:12.0(2.48%),B:107.6(0.24%),P:1e-8	Tpos:139.9,Tstd:87.9,Bpos:193.3,Bstd:94.5,StrandBias:-1.0,Multiplicity:1.00
0.001	0.065	0.851	0.083
0.001	0.001	0.997	0.001
0.001	0.001	0.997	0.001
0.001	0.001	0.997	0.001
0.001	0.997	0.001	0.001
0.001	0.997	0.001	0.001
0.001	0.904	0.094	0.001
0.001	0.112	0.105	0.782
0.001	0.001	0.887	0.111
0.901	0.050	0.048	0.001
0.001	0.894	0.104	0.001
0.001	0.853	0.001	0.145
>TCCAGCAGGAGT	18-TCCAGCAGGAGT	15.499861	-18.209392	0	T:4.0(0.83%),B:0.7(0.00%),P:1e-7	Tpos:50.2,Tstd:24.8,Bpos:287.0,Bstd:0.0,StrandBias:-1.6,Multiplicity:1.00
0.001	0.001	0.001	0.997
0.001	0.997	0.001	0.001
0.001	0.997	0.001	0.001
0.997	0.001	0.001	0.001
0.001	0.332	0.666	0.001
0.001	0.997	0.001	0.001
0.997	0.001	0.001	0.001
0.001	0.001	0.997	0.001
0.001	0.001	0.997	0.001
0.997	0.001	0.001	0.001
0.001	0.001	0.997	0.001
0.001	0.001	0.001	0.997
>TTTCCACCTTCT	19-TTTCCACCTTCT	10.692906	-17.975569	0	T:15.0(3.11%),B:205.0(0.45%),P:1e-7	Tpos:150.7,Tstd:99.5,Bpos:170.3,Bstd:98.2,StrandBias:-0.2,Multiplicity:1.00
0.001	0.001	0.001	0.997
0.085	0.124	0.001	0.790
0.100	0.001	0.001	0.898
0.177	0.536	0.101	0.186
0.075	0.923	0.001	0.001
0.997	0.001	0.001	0.001
0.001	0.756	0.158	0.085
0.176	0.822	0.001	0.001
0.001	0.001	0.100	0.898
0.001	0.252	0.001	0.746
0.001	0.737	0.001	0.261
0.084	0.001	0.001	0.914
>CTTTATAAAGTC	20-CTTTATAAAGTC	14.003732	-16.683856	0	T:5.0(1.04%),B:6.4(0.01%),P:1e-7	Tpos:269.6,Tstd:29.3,Bpos:238.4,Bstd:23.7,StrandBias:0.6,Multiplicity:1.00
0.001	0.997	0.001	0.001
0.001	0.001	0.001	0.997
0.001	0.001	0.001	0.997
0.001	0.001	0.001	0.997
0.997	0.001	0.001	0.001
0.001	0.001	0.001	0.997
0.842	0.001	0.156	0.001
0.814	0.184	0.001	0.001
0.814	0.001	0.184	0.001
0.001	0.001	0.997	0.001
0.001	0.129	0.157	0.713
0.001	0.997	0.001	0.001
>GTGGACGACTCC	21-GTGGACGACTCC	13.819820	-16.250088	0	T:6.0(1.24%),B:16.6(0.04%),P:1e-7	Tpos:189.3,Tstd:110.2,Bpos:196.3,Bstd:142.8,StrandBias:2.3,Multiplicity:1.00
0.001	0.001	0.997	0.001
0.001	0.001	0.159	0.839
0.001	0.001	0.997	0.001
0.001	0.001	0.997	0.001
0.543	0.209	0.247	0.001
0.001	0.997	0.001	0.001
0.001	0.001	0.997	0.001
0.997	0.001	0.001	0.001
0.001	0.863	0.135	0.001
0.001	0.001	0.001	0.997
0.001	0.997	0.001	0.001
0.001	0.997	0.001	0.001
>CAACTTCGGCTT	22-CAACTTCGGCTT	10.537376	-16.081399	0	T:11.0(2.28%),B:114.2(0.25%),P:1e-6	Tpos:125.5,Tstd:94.0,Bpos:179.0,Bstd:109.0,StrandBias:0.3,Multiplicity:1.00
0.001	0.997	0.001	0.001
0.997	0.001	0.001	0.001
0.997	0.001	0.001	0.001
0.047	0.951	0.001	0.001
0.187	0.135	0.236	0.442
0.001	0.045	0.187	0.767
0.221	0.511	0.047	0.221
0.002	0.001	0.977	0.020
0.135	0.187	0.677	0.001
0.001	0.997	0.001	0.001
0.001	0.186	0.001	0.812
0.002	0.001	0.023	0.974
>ATTATTTTATAC	23-ATTATTTTATAC	10.003583	-15.467682	0	T:14.0(2.90%),B:215.2(0.48%),P:1e-6	Tpos:136.5,Tstd:85.4,Bpos:129.3,Bstd:94.4,StrandBias:1.4,Multiplicity:1.21
0.731	0.184	0.001	0.084
0.001	0.001	0.001	0.997
0.085	0.085	0.085	0.745
0.997	0.001	0.001	0.001
0.001	0.084	0.100	0.815
0.001	0.001	0.001	0.997
0.001	0.099	0.001	0.899
0.001	0.001	0.099	0.899
0.811	0.084	0.001	0.104
0.001	0.169	0.001	0.829
0.730	0.001	0.100	0.169
0.239	0.576	0.001	0.184
>GGGGGCAGGCCA	24-GGGGGCAGGCCA	13.135827	-14.169807	0	T:8.0(1.66%),B:61.5(0.14%),P:1e-6	Tpos:173.4,Tstd:53.2,Bpos:186.9,Bstd:134.4,StrandBias:-0.3,Multiplicity:1.38
0.001	0.001	0.997	0.001
0.001	0.001	0.875	0.123
0.067	0.001	0.931	0.001
0.162	0.001	0.836	0.001
0.001	0.048	0.950	0.001
0.001	0.860	0.138	0.001
0.948	0.001	0.050	0.001
0.001	0.001	0.997	0.001
0.001	0.001	0.997	0.001
0.001	0.909	0.001	0.089
0.001	0.997	0.001	0.001
0.886	0.049	0.001	0.064
>GCACTTCATAGA	25-GCACTTCATAGA	12.355432	-4.549268	0	T:1.0(0.21%),B:0.0(0.00%),P:1e-1	Tpos:209.7,Tstd:66.8,Bpos:0.0,Bstd:0.0,StrandBias:10.0,Multiplicity:6.00
0.100	0.100	0.700	0.100
0.100	0.700	0.100	0.100
0.700	0.100	0.100	0.100
0.100	0.700	0.100	0.100
0.100	0.100	0.100	0.700
0.100	0.100	0.100	0.700
0.100	0.700	0.100	0.100
0.700	0.100	0.100	0.100
0.100	0.100	0.100	0.700
0.700	0.100	0.100	0.100
0.100	0.100	0.700	0.100
0.700	0.100	0.100	0.100
