>ACCAGATC	1-ACCAGATC	5.298078	-22.766119	0	T:194.0(37.82%),B:11349.4(25.01%),P:1e-9	Tpos:174.3,Tstd:97.7,Bpos:177.3,Bstd:110.8,StrandBias:0.1,Multiplicity:1.20
0.697	0.115	0.084	0.104
0.100	0.762	0.054	0.084
0.045	0.864	0.051	0.040
0.721	0.093	0.086	0.100
0.060	0.058	0.684	0.198
0.759	0.156	0.040	0.045
0.103	0.082	0.091	0.724
0.069	0.800	0.109	0.022
>TGATAAAG	2-TGATAAAG	6.914580	-19.500996	0	T:67.0(13.06%),B:2719.4(5.99%),P:1e-8	Tpos:183.1,Tstd:98.1,Bpos:162.8,Bstd:104.6,StrandBias:0.3,Multiplicity:1.09
0.025	0.001	0.072	0.902
0.001	0.143	0.699	0.157
0.921	0.028	0.001	0.050
0.100	0.001	0.001	0.898
0.983	0.001	0.001	0.015
0.693	0.162	0.131	0.014
0.958	0.018	0.023	0.001
0.030	0.016	0.944	0.010
>CAAGAACT	3-CAAGAACT	6.593571	-17.484651	0	T:102.0(19.88%),B:5183.9(11.42%),P:1e-7	Tpos:179.9,Tstd:96.3,Bpos:171.9,Bstd:106.3,StrandBias:-0.3,Multiplicity:1.08
0.139	0.811	0.001	0.049
0.857	0.058	0.001	0.084
0.912	0.001	0.076	0.011
0.039	0.001	0.943	0.017
0.997	0.001	0.001	0.001
0.853	0.065	0.076	0.006
0.029	0.867	0.103	0.001
0.121	0.109	0.014	0.756
>CAGACGGG	4-CAGACGGG	8.149803	-14.375059	0	T:53.0(10.33%),B:2240.0(4.94%),P:1e-6	Tpos:171.8,Tstd:103.1,Bpos:179.4,Bstd:108.7,StrandBias:-0.3,Multiplicity:1.06
0.080	0.918	0.001	0.001
0.859	0.065	0.001	0.075
0.151	0.004	0.844	0.001
0.997	0.001	0.001	0.001
0.001	0.771	0.213	0.015
0.192	0.012	0.795	0.001
0.001	0.001	0.667	0.331
0.150	0.104	0.705	0.041
>AGTACCAT	5-AGTACCAT	6.834731	-14.331979	0	T:57.0(11.11%),B:2491.6(5.49%),P:1e-6	Tpos:165.6,Tstd:98.5,Bpos:164.6,Bstd:102.6,StrandBias:-0.2,Multiplicity:1.09
0.848	0.001	0.039	0.112
0.131	0.101	0.767	0.001
0.001	0.001	0.035	0.963
0.772	0.226	0.001	0.001
0.001	0.842	0.156	0.001
0.001	0.997	0.001	0.001
0.812	0.186	0.001	0.001
0.147	0.001	0.001	0.851
>WCCCCSCA	6-WCCCCSCA	6.599951	-14.021613	0	T:79.0(15.40%),B:3964.2(8.73%),P:1e-6	Tpos:161.9,Tstd:88.7,Bpos:170.3,Bstd:105.2,StrandBias:0.3,Multiplicity:1.25
0.434	0.001	0.001	0.564
0.001	0.956	0.042	0.001
0.020	0.978	0.001	0.001
0.001	0.975	0.023	0.001
0.001	0.997	0.001	0.001
0.001	0.462	0.536	0.001
0.022	0.932	0.001	0.045
0.997	0.001	0.001	0.001
>CCGGGGGT	7-CCGGGGGT	7.322105	-12.314490	0	T:97.0(18.91%),B:5433.2(11.97%),P:1e-5	Tpos:177.0,Tstd:96.6,Bpos:168.2,Bstd:106.9,StrandBias:0.1,Multiplicity:1.21
0.001	0.906	0.029	0.064
0.135	0.702	0.043	0.120
0.001	0.102	0.842	0.055
0.042	0.001	0.937	0.020
0.001	0.001	0.985	0.013
0.017	0.001	0.981	0.001
0.020	0.056	0.796	0.128
0.001	0.001	0.151	0.847
>AGTTCAGT	8-AGTTCAGT	8.191493	-11.742389	0	T:29.0(5.65%),B:1010.0(2.23%),P:1e-5	Tpos:162.9,Tstd:99.8,Bpos:162.9,Bstd:95.9,StrandBias:0.7,Multiplicity:1.00
0.997	0.001	0.001	0.001
0.001	0.001	0.997	0.001
0.001	0.001	0.219	0.779
0.072	0.001	0.001	0.926
0.001	0.997	0.001	0.001
0.997	0.001	0.001	0.001
0.001	0.001	0.997	0.001
0.001	0.001	0.001	0.997
>TCAAATTT	9-TCAAATTT	6.421520	-10.882791	0	T:76.0(14.81%),B:4111.5(9.06%),P:1e-4	Tpos:136.9,Tstd:87.4,Bpos:142.1,Bstd:94.7,StrandBias:-0.0,Multiplicity:1.21
0.077	0.074	0.001	0.848
0.099	0.631	0.191	0.079
0.914	0.001	0.001	0.084
0.926	0.001	0.001	0.072
0.935	0.001	0.001	0.063
0.069	0.055	0.001	0.875
0.001	0.017	0.036	0.946
0.001	0.001	0.024	0.974
>TCATAGAC	10-TCATAGAC	8.236954	-3.206433	0	T:4.0(0.78%),B:111.6(0.25%),P:1e-1	Tpos:182.3,Tstd:79.8,Bpos:176.3,Bstd:102.9,StrandBias:1.0,Multiplicity:2.25
0.100	0.100	0.100	0.700
0.100	0.700	0.100	0.100
0.700	0.100	0.100	0.100
0.100	0.100	0.100	0.700
0.700	0.100	0.100	0.100
0.100	0.100	0.700	0.100
0.700	0.100	0.100	0.100
0.100	0.700	0.100	0.100
