>AGCAGCCAGGGA	1-AGCAGCCAGGGA	11.508290	-26.965457	0	T:17.0(3.31%),B:136.3(0.30%),P:1e-11	Tpos:181.1,Tstd:109.3,Bpos:183.4,Bstd:133.4,StrandBias:-0.9,Multiplicity:1.00
0.997	0.001	0.001	0.001
0.001	0.001	0.861	0.137
0.001	0.997	0.001	0.001
0.997	0.001	0.001	0.001
0.104	0.001	0.894	0.001
0.001	0.792	0.114	0.093
0.001	0.894	0.104	0.001
0.837	0.001	0.081	0.081
0.001	0.001	0.997	0.001
0.092	0.001	0.906	0.001
0.001	0.001	0.997	0.001
0.997	0.001	0.001	0.001
>MTTTATGMCSYC	2-MTTTATGMCSYC	9.098838	-25.852721	0	T:26.0(5.07%),B:407.0(0.90%),P:1e-11	Tpos:215.4,Tstd:82.6,Bpos:181.3,Bstd:95.5,StrandBias:0.8,Multiplicity:1.00
0.486	0.512	0.001	0.001
0.001	0.001	0.080	0.918
0.001	0.001	0.069	0.929
0.001	0.137	0.161	0.701
0.810	0.070	0.119	0.001
0.082	0.001	0.039	0.878
0.285	0.001	0.713	0.001
0.479	0.519	0.001	0.001
0.291	0.588	0.120	0.001
0.001	0.560	0.438	0.001
0.002	0.419	0.069	0.510
0.081	0.769	0.001	0.149
>AGAATTAAGCAA	3-AGAATTAAGCAA	10.472017	-25.147947	0	T:16.0(3.12%),B:131.1(0.29%),P:1e-10	Tpos:155.8,Tstd:85.3,Bpos:151.2,Bstd:82.2,StrandBias:0.4,Multiplicity:1.00
0.554	0.118	0.109	0.219
0.200	0.118	0.681	0.001
0.890	0.001	0.108	0.001
0.881	0.001	0.001	0.117
0.208	0.001	0.001	0.790
0.001	0.001	0.001	0.997
0.881	0.001	0.117	0.001
0.873	0.001	0.125	0.001
0.001	0.001	0.899	0.099
0.001	0.781	0.001	0.217
0.997	0.001	0.001	0.001
0.781	0.001	0.001	0.217
>GGGGTGGTGAGC	4-GGGGTGGTGAGC	10.993254	-23.565284	0	T:37.0(7.21%),B:903.6(1.99%),P:1e-10	Tpos:213.3,Tstd:98.1,Bpos:179.0,Bstd:105.8,StrandBias:0.3,Multiplicity:1.03
0.001	0.027	0.971	0.001
0.084	0.102	0.813	0.001
0.001	0.033	0.811	0.155
0.039	0.090	0.791	0.080
0.279	0.058	0.056	0.607
0.001	0.001	0.997	0.001
0.001	0.047	0.951	0.001
0.114	0.045	0.224	0.617
0.001	0.001	0.997	0.001
0.713	0.013	0.252	0.022
0.002	0.092	0.841	0.065
0.030	0.898	0.055	0.017
>GGGGAGCGGTTC	5-GGGGAGCGGTTC	10.624362	-22.693485	0	T:20.0(3.90%),B:269.4(0.59%),P:1e-9	Tpos:210.4,Tstd:70.1,Bpos:191.3,Bstd:106.7,StrandBias:0.7,Multiplicity:1.00
0.001	0.238	0.760	0.001
0.001	0.067	0.931	0.001
0.001	0.001	0.997	0.001
0.056	0.001	0.942	0.001
0.808	0.090	0.101	0.001
0.001	0.071	0.927	0.001
0.101	0.835	0.063	0.001
0.262	0.187	0.550	0.001
0.001	0.047	0.951	0.001
0.288	0.001	0.083	0.628
0.001	0.001	0.056	0.942
0.001	0.779	0.001	0.219
>CTCTSGACACTT	6-CTCTSGACACTT	9.709794	-22.152862	0	T:24.0(4.68%),B:413.2(0.91%),P:1e-9	Tpos:191.8,Tstd:103.7,Bpos:192.8,Bstd:111.1,StrandBias:0.2,Multiplicity:1.00
0.001	0.950	0.048	0.001
0.001	0.069	0.001	0.929
0.041	0.840	0.118	0.001
0.002	0.242	0.184	0.572
0.001	0.405	0.523	0.071
0.081	0.076	0.721	0.122
0.555	0.394	0.050	0.001
0.081	0.850	0.032	0.037
0.587	0.183	0.122	0.108
0.041	0.875	0.043	0.041
0.082	0.001	0.001	0.916
0.100	0.041	0.120	0.739
>AGCCTCCTTCCA	7-AGCCTCCTTCCA	12.766945	-22.003794	0	T:12.0(2.34%),B:75.6(0.17%),P:1e-9	Tpos:157.2,Tstd:89.0,Bpos:160.5,Bstd:98.7,StrandBias:1.0,Multiplicity:1.00
0.835	0.071	0.093	0.001
0.001	0.001	0.997	0.001
0.001	0.868	0.001	0.130
0.001	0.899	0.001	0.099
0.130	0.001	0.001	0.868
0.130	0.868	0.001	0.001
0.001	0.997	0.001	0.001
0.001	0.001	0.001	0.997
0.001	0.001	0.001	0.997
0.001	0.997	0.001	0.001
0.079	0.919	0.001	0.001
0.821	0.001	0.131	0.047
>GAAGCTGTGAAG	8-GAAGCTGTGAAG	13.500452	-20.939022	0	T:8.0(1.56%),B:21.4(0.05%),P:1e-9	Tpos:183.4,Tstd:80.2,Bpos:190.0,Bstd:81.7,StrandBias:-0.7,Multiplicity:1.00
0.142	0.001	0.856	0.001
0.997	0.001	0.001	0.001
0.997	0.001	0.001	0.001
0.168	0.001	0.830	0.001
0.001	0.997	0.001	0.001
0.168	0.001	0.001	0.830
0.001	0.001	0.997	0.001
0.001	0.001	0.001	0.997
0.001	0.001	0.997	0.001
0.794	0.117	0.088	0.001
0.856	0.142	0.001	0.001
0.001	0.001	0.997	0.001
>ATAGCAGAGGTC	9-ATAGCAGAGGTC	12.240338	-20.349989	0	T:8.0(1.56%),B:23.8(0.05%),P:1e-8	Tpos:117.4,Tstd:96.0,Bpos:172.0,Bstd:107.3,StrandBias:1.6,Multiplicity:1.00
0.997	0.001	0.001	0.001
0.001	0.115	0.001	0.883
0.846	0.001	0.152	0.001
0.001	0.001	0.997	0.001
0.001	0.796	0.202	0.001
0.643	0.355	0.001	0.001
0.001	0.001	0.997	0.001
0.997	0.001	0.001	0.001
0.001	0.001	0.997	0.001
0.001	0.001	0.997	0.001
0.001	0.001	0.001	0.997
0.001	0.997	0.001	0.001
>CGCGCCAACCAG	10-CGCGCCAACCAG	13.648110	-19.242962	0	T:7.0(1.36%),B:17.0(0.04%),P:1e-8	Tpos:258.7,Tstd:91.4,Bpos:231.3,Bstd:92.7,StrandBias:-0.4,Multiplicity:1.00
0.001	0.997	0.001	0.001
0.001	0.001	0.997	0.001
0.001	0.997	0.001	0.001
0.001	0.001	0.883	0.115
0.001	0.858	0.140	0.001
0.001	0.832	0.166	0.001
0.997	0.001	0.001	0.001
0.997	0.001	0.001	0.001
0.001	0.731	0.101	0.167
0.001	0.997	0.001	0.001
0.858	0.140	0.001	0.001
0.001	0.001	0.997	0.001
>RGSACACTGTCC	11-RGSACACTGTCC	11.945331	-19.060867	0	T:6.0(1.17%),B:8.9(0.02%),P:1e-8	Tpos:135.7,Tstd:97.6,Bpos:212.9,Bstd:67.9,StrandBias:-0.3,Multiplicity:1.00
0.477	0.001	0.521	0.001
0.001	0.001	0.997	0.001
0.001	0.441	0.557	0.001
0.997	0.001	0.001	0.001
0.035	0.963	0.001	0.001
0.997	0.001	0.001	0.001
0.001	0.959	0.039	0.001
0.001	0.001	0.001	0.997
0.001	0.001	0.997	0.001
0.035	0.001	0.001	0.963
0.001	0.997	0.001	0.001
0.001	0.997	0.001	0.001
>TCCAGCAGGAGT	12-TCCAGCAGGAGT	15.499861	-17.987021	0	T:4.0(0.78%),B:0.8(0.00%),P:1e-7	Tpos:50.2,Tstd:24.8,Bpos:287.0,Bstd:0.0,StrandBias:-1.6,Multiplicity:1.00
0.001	0.001	0.001	0.997
0.001	0.997	0.001	0.001
0.001	0.997	0.001	0.001
0.997	0.001	0.001	0.001
0.001	0.332	0.666	0.001
0.001	0.997	0.001	0.001
0.997	0.001	0.001	0.001
0.001	0.001	0.997	0.001
0.001	0.001	0.997	0.001
0.997	0.001	0.001	0.001
0.001	0.001	0.997	0.001
0.001	0.001	0.001	0.997
>TTTCCACCTTCT	13-TTTCCACCTTCT	10.621604	-17.235832	0	T:16.0(3.12%),B:236.8(0.52%),P:1e-7	Tpos:149.7,Tstd:96.4,Bpos:174.5,Bstd:109.3,StrandBias:0.0,Multiplicity:1.00
0.001	0.001	0.001	0.997
0.085	0.125	0.001	0.789
0.100	0.001	0.001	0.898
0.178	0.534	0.101	0.187
0.076	0.922	0.001	0.001
0.997	0.001	0.001	0.001
0.001	0.755	0.159	0.085
0.171	0.827	0.001	0.001
0.001	0.001	0.100	0.898
0.001	0.252	0.001	0.746
0.001	0.741	0.001	0.257
0.085	0.001	0.001	0.913
>ATTATTTTATAA	14-ATTATTTTATAA	10.402135	-16.045093	0	T:17.0(3.31%),B:294.8(0.65%),P:1e-6	Tpos:163.1,Tstd:85.7,Bpos:133.6,Bstd:88.0,StrandBias:0.2,Multiplicity:1.35
0.759	0.164	0.001	0.076
0.001	0.001	0.001	0.997
0.166	0.241	0.001	0.592
0.909	0.001	0.089	0.001
0.089	0.001	0.089	0.821
0.001	0.001	0.001	0.997
0.001	0.001	0.001	0.997
0.165	0.001	0.089	0.745
0.752	0.076	0.001	0.171
0.001	0.184	0.001	0.814
0.771	0.001	0.076	0.152
0.759	0.089	0.076	0.076
>CAACTTCGGCTT	15-CAACTTCGGCTT	10.557574	-16.032924	0	T:11.0(2.14%),B:108.3(0.24%),P:1e-6	Tpos:125.5,Tstd:94.0,Bpos:176.9,Bstd:108.4,StrandBias:0.3,Multiplicity:1.00
0.001	0.997	0.001	0.001
0.997	0.001	0.001	0.001
0.997	0.001	0.001	0.001
0.048	0.950	0.001	0.001
0.187	0.134	0.236	0.442
0.001	0.046	0.187	0.766
0.221	0.511	0.047	0.221
0.002	0.001	0.977	0.020
0.134	0.187	0.678	0.001
0.001	0.997	0.001	0.001
0.001	0.186	0.001	0.812
0.002	0.001	0.024	0.973
>GTGGACGACTCC	16-GTGGACGACTCC	13.812385	-15.924123	0	T:6.0(1.17%),B:16.2(0.04%),P:1e-6	Tpos:189.3,Tstd:110.2,Bpos:196.4,Bstd:139.5,StrandBias:2.3,Multiplicity:1.00
0.001	0.001	0.997	0.001
0.001	0.001	0.159	0.839
0.001	0.001	0.997	0.001
0.001	0.001	0.997	0.001
0.543	0.209	0.247	0.001
0.001	0.997	0.001	0.001
0.001	0.001	0.997	0.001
0.997	0.001	0.001	0.001
0.001	0.864	0.134	0.001
0.001	0.001	0.001	0.997
0.001	0.997	0.001	0.001
0.001	0.997	0.001	0.001
>AGCARAGGAAWT	17-AGCARAGGAAWT	7.641685	-15.739323	0	T:59.0(11.50%),B:2505.4(5.52%),P:1e-6	Tpos:167.3,Tstd:97.9,Bpos:165.7,Bstd:103.3,StrandBias:0.3,Multiplicity:1.21
0.647	0.001	0.351	0.001
0.001	0.001	0.642	0.356
0.036	0.506	0.184	0.274
0.997	0.001	0.001	0.001
0.445	0.217	0.336	0.001
0.663	0.121	0.069	0.147
0.001	0.068	0.930	0.001
0.280	0.001	0.517	0.202
0.695	0.303	0.001	0.001
0.997	0.001	0.001	0.001
0.407	0.149	0.001	0.443
0.001	0.001	0.001	0.997
>TGCTCGCGCTGC	18-TGCTCGCGCTGC	9.407481	-15.684517	0	T:33.0(6.43%),B:1021.5(2.25%),P:1e-6	Tpos:227.8,Tstd:85.9,Bpos:202.7,Bstd:111.8,StrandBias:-0.4,Multiplicity:1.12
0.031	0.186	0.037	0.746
0.094	0.155	0.713	0.038
0.001	0.889	0.035	0.075
0.073	0.059	0.086	0.782
0.038	0.926	0.035	0.001
0.001	0.104	0.857	0.038
0.001	0.822	0.132	0.045
0.043	0.024	0.827	0.106
0.001	0.968	0.030	0.001
0.100	0.002	0.016	0.882
0.001	0.146	0.821	0.032
0.038	0.778	0.133	0.051
>TCAAAAAGCWGR	19-TCAAAAAGCWGR	11.332522	-15.545865	0	T:8.0(1.56%),B:47.5(0.10%),P:1e-6	Tpos:161.3,Tstd:81.1,Bpos:205.9,Bstd:111.5,StrandBias:-2.0,Multiplicity:1.25
0.075	0.001	0.030	0.894
0.075	0.641	0.283	0.001
0.821	0.057	0.076	0.046
0.588	0.001	0.410	0.001
0.897	0.038	0.001	0.064
0.555	0.001	0.077	0.367
0.597	0.001	0.338	0.064
0.001	0.054	0.764	0.181
0.076	0.863	0.059	0.002
0.462	0.001	0.001	0.536
0.106	0.055	0.798	0.041
0.434	0.001	0.564	0.001
>CAGTGCACAGAA	20-CAGTGCACAGAA	9.715553	-15.333436	0	T:17.0(3.31%),B:310.2(0.68%),P:1e-6	Tpos:193.1,Tstd:102.8,Bpos:163.3,Bstd:102.1,StrandBias:0.5,Multiplicity:1.00
0.044	0.870	0.001	0.085
0.923	0.001	0.001	0.075
0.001	0.001	0.997	0.001
0.098	0.169	0.003	0.730
0.001	0.001	0.997	0.001
0.097	0.817	0.085	0.001
0.769	0.185	0.003	0.043
0.086	0.787	0.041	0.086
0.878	0.001	0.001	0.120
0.171	0.086	0.671	0.072
0.756	0.086	0.072	0.086
0.817	0.065	0.032	0.086
>TGGGCCCAGCGC	21-TGGGCCCAGCGC	10.131414	-14.168687	0	T:30.0(5.85%),B:938.7(2.07%),P:1e-6	Tpos:197.3,Tstd:87.9,Bpos:187.9,Bstd:107.1,StrandBias:-0.3,Multiplicity:1.03
0.037	0.091	0.086	0.786
0.037	0.013	0.921	0.029
0.013	0.043	0.840	0.104
0.001	0.063	0.911	0.025
0.020	0.892	0.087	0.001
0.099	0.689	0.117	0.095
0.001	0.881	0.081	0.037
0.829	0.048	0.109	0.014
0.064	0.001	0.934	0.001
0.105	0.762	0.065	0.068
0.082	0.135	0.619	0.164
0.001	0.943	0.001	0.055
>GCACTTCATAGC	22-GCACTTCATAGC	11.893667	-13.774158	0	T:4.0(0.78%),B:4.7(0.01%),P:1e-5	Tpos:178.4,Tstd:85.9,Bpos:121.8,Bstd:91.1,StrandBias:1.8,Multiplicity:2.25
0.005	0.009	0.985	0.001
0.001	0.997	0.001	0.001
0.758	0.001	0.001	0.240
0.001	0.802	0.001	0.196
0.001	0.009	0.197	0.793
0.001	0.005	0.197	0.797
0.197	0.631	0.001	0.171
0.788	0.001	0.202	0.009
0.005	0.010	0.206	0.779
0.788	0.205	0.006	0.001
0.001	0.363	0.635	0.001
0.196	0.802	0.001	0.001
>ACCCCCTGACAC	23-ACCCCCTGACAC	14.173328	-12.250250	0	T:4.0(0.78%),B:7.5(0.02%),P:1e-5	Tpos:108.9,Tstd:30.7,Bpos:135.0,Bstd:38.6,StrandBias:2.8,Multiplicity:2.00
0.891	0.001	0.107	0.001
0.001	0.997	0.001	0.001
0.001	0.997	0.001	0.001
0.001	0.997	0.001	0.001
0.001	0.997	0.001	0.001
0.001	0.821	0.001	0.177
0.001	0.001	0.001	0.997
0.001	0.001	0.997	0.001
0.997	0.001	0.001	0.001
0.001	0.997	0.001	0.001
0.997	0.001	0.001	0.001
0.001	0.997	0.001	0.001
>AGCCTGTCCACC	24-AGCCTGTCCACC	9.765022	-11.989913	0	T:22.0(4.29%),B:633.6(1.40%),P:1e-5	Tpos:170.6,Tstd:86.9,Bpos:174.4,Bstd:117.3,StrandBias:-0.1,Multiplicity:1.14
0.854	0.048	0.001	0.097
0.001	0.001	0.996	0.002
0.065	0.932	0.002	0.001
0.001	0.922	0.076	0.001
0.052	0.065	0.117	0.766
0.307	0.016	0.676	0.001
0.161	0.164	0.097	0.578
0.001	0.936	0.061	0.002
0.001	0.800	0.077	0.122
0.613	0.217	0.001	0.169
0.001	0.752	0.200	0.047
0.001	0.850	0.146	0.003
