>TTTATAAC	1-TTTATAAC	7.010564	-15.585470	0	T:60.0(12.42%),B:2734.0(6.05%),P:1e-6	Tpos:166.0,Tstd:99.0,Bpos:160.3,Bstd:104.5,StrandBias:0.1,Multiplicity:1.17
0.022	0.001	0.001	0.976
0.127	0.090	0.001	0.782
0.001	0.001	0.033	0.965
0.997	0.001	0.001	0.001
0.079	0.064	0.001	0.856
0.948	0.001	0.050	0.001
0.708	0.173	0.082	0.037
0.125	0.760	0.033	0.082
>AGCTGGGG	2-AGCTGGGG	9.024998	-14.426082	0	T:99.0(20.50%),B:5636.8(12.47%),P:1e-6	Tpos:194.2,Tstd:96.7,Bpos:180.4,Bstd:117.3,StrandBias:0.1,Multiplicity:1.18
0.997	0.001	0.001	0.001
0.001	0.001	0.997	0.001
0.001	0.997	0.001	0.001
0.001	0.137	0.001	0.861
0.052	0.001	0.946	0.001
0.001	0.001	0.997	0.001
0.001	0.001	0.997	0.001
0.229	0.158	0.612	0.001
>TCCCCSCA	3-TCCCCSCA	7.067619	-14.271828	0	T:77.0(15.94%),B:4032.3(8.92%),P:1e-6	Tpos:165.3,Tstd:88.7,Bpos:170.0,Bstd:106.6,StrandBias:0.2,Multiplicity:1.24
0.416	0.001	0.001	0.582
0.001	0.922	0.076	0.001
0.007	0.973	0.001	0.019
0.001	0.966	0.014	0.019
0.001	0.997	0.001	0.001
0.001	0.440	0.558	0.001
0.014	0.921	0.001	0.064
0.997	0.001	0.001	0.001
>TCAAATTT	4-TCAAATTT	5.334014	-10.498893	0	T:123.0(25.47%),B:8117.1(17.96%),P:1e-4	Tpos:147.1,Tstd:89.4,Bpos:146.5,Bstd:93.4,StrandBias:0.1,Multiplicity:1.37
0.127	0.087	0.072	0.714
0.051	0.678	0.131	0.140
0.854	0.042	0.038	0.066
0.770	0.126	0.103	0.001
0.758	0.125	0.075	0.042
0.059	0.109	0.147	0.685
0.112	0.059	0.083	0.746
0.083	0.046	0.066	0.805
>TCATAGAC	5-TCATAGAC	8.236954	-3.545894	0	T:4.0(0.83%),B:105.4(0.23%),P:1e-1	Tpos:182.3,Tstd:79.8,Bpos:176.3,Bstd:100.0,StrandBias:1.0,Multiplicity:2.25
0.100	0.100	0.100	0.700
0.100	0.700	0.100	0.100
0.700	0.100	0.100	0.100
0.100	0.100	0.100	0.700
0.700	0.100	0.100	0.100
0.100	0.100	0.700	0.100
0.700	0.100	0.100	0.100
0.100	0.700	0.100	0.100
