>TTTATAAC	1-TTTATAAC	7.010842	-15.622946	0	T:60.0(12.35%),B:2715.2(6.00%),P:1e-6	Tpos:166.0,Tstd:99.0,Bpos:160.3,Bstd:104.1,StrandBias:0.1,Multiplicity:1.17
0.022	0.001	0.001	0.976
0.127	0.091	0.001	0.781
0.001	0.001	0.033	0.965
0.997	0.001	0.001	0.001
0.079	0.065	0.001	0.855
0.948	0.001	0.050	0.001
0.709	0.172	0.082	0.037
0.124	0.761	0.033	0.082
>AGCTGGGG	2-AGCTGGGG	7.540091	-14.014252	0	T:122.0(25.10%),B:7428.0(16.43%),P:1e-6	Tpos:196.4,Tstd:95.1,Bpos:181.5,Bstd:114.8,StrandBias:0.1,Multiplicity:1.23
0.997	0.001	0.001	0.001
0.001	0.001	0.997	0.001
0.001	0.997	0.001	0.001
0.001	0.137	0.001	0.861
0.054	0.001	0.944	0.001
0.001	0.001	0.997	0.001
0.001	0.001	0.997	0.001
0.211	0.161	0.627	0.001
>TCCCCSCA	3-TCCCCSCA	7.209880	-13.967636	0	T:77.0(15.84%),B:4041.4(8.94%),P:1e-6	Tpos:166.4,Tstd:88.4,Bpos:169.9,Bstd:106.5,StrandBias:0.2,Multiplicity:1.24
0.387	0.001	0.001	0.611
0.001	0.909	0.089	0.001
0.009	0.968	0.001	0.022
0.001	0.962	0.016	0.021
0.001	0.997	0.001	0.001
0.001	0.448	0.550	0.001
0.017	0.909	0.001	0.073
0.997	0.001	0.001	0.001
>TCAAATTT	4-TCAAATTT	5.358817	-10.389259	0	T:135.0(27.78%),B:9073.2(20.07%),P:1e-4	Tpos:150.0,Tstd:92.2,Bpos:146.3,Bstd:92.7,StrandBias:0.1,Multiplicity:1.44
0.133	0.078	0.074	0.715
0.032	0.662	0.152	0.154
0.872	0.041	0.018	0.069
0.759	0.134	0.106	0.001
0.760	0.118	0.087	0.035
0.063	0.105	0.150	0.682
0.118	0.062	0.074	0.746
0.077	0.032	0.076	0.815
>TCATAGAC	5-TCATAGAC	8.236954	-3.557698	0	T:4.0(0.82%),B:104.7(0.23%),P:1e-1	Tpos:182.3,Tstd:79.8,Bpos:176.4,Bstd:99.5,StrandBias:1.0,Multiplicity:2.25
0.100	0.100	0.100	0.700
0.100	0.700	0.100	0.100
0.700	0.100	0.100	0.100
0.100	0.100	0.100	0.700
0.700	0.100	0.100	0.100
0.100	0.100	0.700	0.100
0.700	0.100	0.100	0.100
0.100	0.700	0.100	0.100
