>TAATCAGACA	1-TAATCAGACA	9.758561	-24.620565	0	T:18.0(3.73%),B:197.6(0.44%),P:1e-10	Tpos:158.5,Tstd:86.0,Bpos:168.4,Bstd:96.3,StrandBias:-0.7,Multiplicity:1.00
0.262	0.001	0.057	0.680
0.997	0.001	0.001	0.001
0.909	0.001	0.001	0.089
0.001	0.001	0.054	0.944
0.001	0.951	0.047	0.001
0.844	0.154	0.001	0.001
0.084	0.001	0.914	0.001
0.843	0.067	0.001	0.089
0.046	0.952	0.001	0.001
0.997	0.001	0.001	0.001
>AGCCTCCTTA	2-AGCCTCCTTA	9.208606	-24.346767	0	T:30.0(6.22%),B:624.2(1.38%),P:1e-10	Tpos:208.0,Tstd:96.6,Bpos:163.5,Bstd:99.2,StrandBias:0.9,Multiplicity:1.03
0.997	0.001	0.001	0.001
0.252	0.001	0.746	0.001
0.001	0.605	0.155	0.239
0.001	0.850	0.148	0.001
0.001	0.102	0.001	0.896
0.001	0.933	0.001	0.065
0.001	0.609	0.001	0.389
0.001	0.080	0.001	0.918
0.093	0.001	0.175	0.731
0.640	0.075	0.067	0.218
>ATTCTTCCAA	3-ATTCTTCCAA	9.447915	-23.577784	0	T:25.0(5.19%),B:445.6(0.98%),P:1e-10	Tpos:144.6,Tstd:93.9,Bpos:155.7,Bstd:100.4,StrandBias:1.1,Multiplicity:1.00
0.704	0.246	0.001	0.049
0.001	0.001	0.001	0.997
0.001	0.001	0.001	0.997
0.098	0.830	0.001	0.071
0.001	0.123	0.009	0.867
0.122	0.001	0.001	0.876
0.001	0.850	0.001	0.148
0.137	0.686	0.001	0.176
0.939	0.059	0.001	0.001
0.823	0.001	0.064	0.112
>GACACGTCCA	4-GACACGTCCA	10.489419	-21.890923	0	T:13.0(2.70%),B:102.6(0.23%),P:1e-9	Tpos:183.1,Tstd:94.1,Bpos:199.9,Bstd:107.2,StrandBias:0.2,Multiplicity:1.00
0.099	0.001	0.899	0.001
0.893	0.001	0.105	0.001
0.001	0.997	0.001	0.001
0.802	0.001	0.127	0.070
0.001	0.997	0.001	0.001
0.001	0.042	0.812	0.145
0.001	0.025	0.136	0.838
0.001	0.907	0.091	0.001
0.001	0.997	0.001	0.001
0.997	0.001	0.001	0.001
>GCATAATAGT	5-GCATAATAGT	10.659527	-20.706459	0	T:10.0(2.07%),B:52.8(0.12%),P:1e-8	Tpos:141.0,Tstd:82.7,Bpos:159.1,Bstd:116.5,StrandBias:-1.2,Multiplicity:1.00
0.158	0.001	0.840	0.001
0.114	0.884	0.001	0.001
0.826	0.001	0.001	0.172
0.001	0.001	0.001	0.997
0.840	0.001	0.158	0.001
0.997	0.001	0.001	0.001
0.001	0.001	0.001	0.997
0.997	0.001	0.001	0.001
0.095	0.001	0.903	0.001
0.158	0.001	0.001	0.840
>GGGGTCGTGA	6-GGGGTCGTGA	9.116030	-20.500026	0	T:22.0(4.56%),B:401.5(0.89%),P:1e-8	Tpos:172.4,Tstd:112.1,Bpos:160.3,Bstd:96.5,StrandBias:0.0,Multiplicity:1.00
0.001	0.071	0.871	0.057
0.001	0.077	0.921	0.001
0.082	0.068	0.849	0.001
0.001	0.001	0.997	0.001
0.066	0.033	0.001	0.900
0.044	0.789	0.120	0.047
0.059	0.022	0.918	0.001
0.053	0.001	0.001	0.945
0.001	0.077	0.921	0.001
0.940	0.001	0.001	0.058
>ATACYTGKTA	7-ATACYTGKTA	6.870662	-20.169876	0	T:51.0(10.58%),B:1863.9(4.12%),P:1e-8	Tpos:159.0,Tstd:101.2,Bpos:146.6,Bstd:98.5,StrandBias:0.7,Multiplicity:1.18
0.833	0.079	0.020	0.068
0.133	0.045	0.055	0.767
0.765	0.078	0.092	0.065
0.043	0.736	0.056	0.165
0.057	0.515	0.001	0.427
0.333	0.001	0.001	0.665
0.269	0.001	0.478	0.252
0.034	0.024	0.421	0.521
0.084	0.231	0.018	0.667
0.927	0.014	0.032	0.027
>AAAGTTCTTG	8-AAAGTTCTTG	9.965608	-20.150062	0	T:18.0(3.73%),B:265.0(0.59%),P:1e-8	Tpos:145.1,Tstd:99.7,Bpos:149.2,Bstd:94.6,StrandBias:-0.7,Multiplicity:1.00
0.904	0.001	0.001	0.094
0.997	0.001	0.001	0.001
0.819	0.001	0.179	0.001
0.062	0.060	0.805	0.073
0.001	0.054	0.001	0.944
0.001	0.055	0.001	0.943
0.001	0.935	0.001	0.063
0.071	0.049	0.001	0.879
0.094	0.001	0.065	0.840
0.001	0.001	0.997	0.001
>CCCTGCCTGC	9-CCCTGCCTGC	9.454561	-19.521241	0	T:57.0(11.83%),B:2262.7(5.00%),P:1e-8	Tpos:177.8,Tstd:105.3,Bpos:174.3,Bstd:116.5,StrandBias:0.0,Multiplicity:1.07
0.001	0.853	0.145	0.001
0.001	0.784	0.060	0.155
0.001	0.975	0.001	0.023
0.153	0.001	0.048	0.798
0.033	0.001	0.965	0.001
0.068	0.877	0.054	0.001
0.001	0.968	0.030	0.001
0.001	0.001	0.001	0.997
0.025	0.030	0.944	0.001
0.001	0.903	0.095	0.001
>GAGAGGGACA	10-GAGAGGGACA	6.946596	-18.224785	0	T:135.0(28.01%),B:7947.4(17.57%),P:1e-7	Tpos:177.9,Tstd:99.4,Bpos:175.7,Bstd:113.2,StrandBias:-0.0,Multiplicity:1.16
0.011	0.083	0.905	0.001
0.861	0.016	0.122	0.001
0.017	0.192	0.763	0.028
0.671	0.145	0.114	0.070
0.043	0.115	0.715	0.127
0.106	0.001	0.820	0.073
0.051	0.140	0.808	0.001
0.705	0.081	0.040	0.174
0.067	0.901	0.031	0.001
0.641	0.108	0.150	0.101
>CACGTGCGAC	11-CACGTGCGAC	10.316219	-17.981618	0	T:5.0(1.04%),B:4.8(0.01%),P:1e-7	Tpos:172.2,Tstd:79.0,Bpos:189.0,Bstd:79.0,StrandBias:-0.6,Multiplicity:1.00
0.001	0.997	0.001	0.001
0.997	0.001	0.001	0.001
0.001	0.997	0.001	0.001
0.001	0.001	0.793	0.205
0.001	0.001	0.001	0.997
0.144	0.001	0.854	0.001
0.001	0.997	0.001	0.001
0.001	0.001	0.997	0.001
0.997	0.001	0.001	0.001
0.001	0.997	0.001	0.001
>TAATTAAGCA	12-TAATTAAGCA	10.719663	-17.324698	0	T:10.0(2.07%),B:77.5(0.17%),P:1e-7	Tpos:184.6,Tstd:88.8,Bpos:151.1,Bstd:107.5,StrandBias:0.6,Multiplicity:1.00
0.001	0.001	0.135	0.863
0.901	0.001	0.097	0.001
0.798	0.001	0.001	0.200
0.001	0.001	0.001	0.997
0.001	0.001	0.001	0.997
0.997	0.001	0.001	0.001
0.692	0.001	0.001	0.306
0.001	0.001	0.997	0.001
0.001	0.997	0.001	0.001
0.652	0.001	0.001	0.346
>CGCACCCCAG	13-CGCACCCCAG	9.550047	-16.659814	0	T:29.0(6.02%),B:832.6(1.84%),P:1e-7	Tpos:137.2,Tstd:99.8,Bpos:162.3,Bstd:110.3,StrandBias:0.3,Multiplicity:1.14
0.088	0.910	0.001	0.001
0.064	0.001	0.934	0.001
0.080	0.791	0.048	0.081
0.816	0.001	0.001	0.182
0.001	0.997	0.001	0.001
0.068	0.886	0.045	0.001
0.086	0.860	0.001	0.053
0.125	0.873	0.001	0.001
0.959	0.001	0.001	0.039
0.001	0.001	0.944	0.054
>GAGTGGGGTT	14-GAGTGGGGTT	9.469372	-16.414395	0	T:26.0(5.39%),B:694.0(1.53%),P:1e-7	Tpos:160.4,Tstd:102.4,Bpos:165.1,Bstd:109.4,StrandBias:0.1,Multiplicity:1.00
0.001	0.001	0.997	0.001
0.997	0.001	0.001	0.001
0.001	0.038	0.960	0.001
0.025	0.045	0.041	0.889
0.001	0.064	0.934	0.001
0.124	0.095	0.714	0.067
0.029	0.132	0.838	0.001
0.051	0.047	0.861	0.041
0.001	0.052	0.001	0.946
0.047	0.032	0.035	0.886
>GGTCCCCGCA	15-GGTCCCCGCA	9.299938	-15.050353	0	T:31.0(6.43%),B:1008.9(2.23%),P:1e-6	Tpos:156.4,Tstd:94.3,Bpos:173.9,Bstd:110.2,StrandBias:0.6,Multiplicity:1.06
0.001	0.034	0.862	0.103
0.043	0.016	0.940	0.001
0.036	0.023	0.001	0.940
0.001	0.870	0.060	0.069
0.001	0.997	0.001	0.001
0.001	0.926	0.001	0.072
0.016	0.946	0.037	0.001
0.027	0.070	0.902	0.001
0.073	0.717	0.074	0.136
0.931	0.067	0.001	0.001
>CAGGAGTAGT	16-CAGGAGTAGT	8.778445	-14.934292	0	T:19.0(3.94%),B:423.7(0.94%),P:1e-6	Tpos:148.6,Tstd:106.7,Bpos:169.4,Bstd:109.1,StrandBias:-0.5,Multiplicity:1.00
0.001	0.997	0.001	0.001
0.915	0.001	0.001	0.083
0.001	0.001	0.997	0.001
0.061	0.101	0.837	0.001
0.804	0.001	0.047	0.148
0.001	0.001	0.997	0.001
0.001	0.024	0.015	0.960
0.833	0.071	0.045	0.051
0.001	0.091	0.907	0.001
0.076	0.047	0.060	0.817
>GGGGGTGGGC	17-GGGGGTGGGC	7.124142	-13.914519	0	T:166.0(34.44%),B:11119.7(24.58%),P:1e-6	Tpos:183.5,Tstd:89.5,Bpos:183.8,Bstd:104.3,StrandBias:0.1,Multiplicity:1.30
0.052	0.059	0.821	0.068
0.065	0.052	0.810	0.073
0.049	0.031	0.816	0.104
0.064	0.052	0.829	0.055
0.070	0.080	0.758	0.092
0.061	0.054	0.083	0.802
0.090	0.086	0.745	0.079
0.057	0.055	0.812	0.076
0.053	0.062	0.834	0.051
0.067	0.782	0.096	0.055
>TTTATAAAGT	18-TTTATAAAGT	9.953169	-13.750541	0	T:11.0(2.28%),B:147.0(0.32%),P:1e-5	Tpos:186.1,Tstd:87.1,Bpos:161.7,Bstd:87.2,StrandBias:-0.4,Multiplicity:1.00
0.001	0.001	0.063	0.935
0.001	0.001	0.001	0.997
0.001	0.001	0.001	0.997
0.873	0.045	0.069	0.013
0.001	0.001	0.001	0.997
0.904	0.001	0.052	0.043
0.869	0.049	0.081	0.001
0.928	0.001	0.070	0.001
0.250	0.001	0.718	0.031
0.035	0.104	0.038	0.823
>GCCAGTACCA	19-GCCAGTACCA	10.082979	-11.881862	0	T:15.0(3.11%),B:340.7(0.75%),P:1e-5	Tpos:172.9,Tstd:100.0,Bpos:186.6,Bstd:101.8,StrandBias:-1.0,Multiplicity:1.20
0.001	0.118	0.880	0.001
0.001	0.997	0.001	0.001
0.001	0.997	0.001	0.001
0.997	0.001	0.001	0.001
0.001	0.001	0.997	0.001
0.058	0.049	0.001	0.892
0.631	0.165	0.203	0.001
0.001	0.802	0.001	0.196
0.001	0.997	0.001	0.001
0.897	0.001	0.101	0.001
>CAGGCCCGGG	20-CAGGCCCGGG	11.137218	-11.432559	0	T:13.0(2.70%),B:268.5(0.59%),P:1e-4	Tpos:201.5,Tstd:98.6,Bpos:157.6,Bstd:97.9,StrandBias:1.2,Multiplicity:1.00
0.001	0.997	0.001	0.001
0.997	0.001	0.001	0.001
0.001	0.047	0.840	0.112
0.001	0.001	0.997	0.001
0.001	0.948	0.001	0.050
0.001	0.997	0.001	0.001
0.001	0.997	0.001	0.001
0.001	0.001	0.997	0.001
0.001	0.001	0.914	0.084
0.001	0.001	0.997	0.001
>ATAGACTCCT	21-ATAGACTCCT	10.296193	-6.825477	0	T:2.0(0.41%),B:3.1(0.01%),P:1e-2	Tpos:173.7,Tstd:70.9,Bpos:77.3,Bstd:62.0,StrandBias:2.3,Multiplicity:3.00
0.700	0.100	0.100	0.100
0.100	0.100	0.100	0.700
0.700	0.100	0.100	0.100
0.100	0.100	0.700	0.100
0.700	0.100	0.100	0.100
0.100	0.700	0.100	0.100
0.100	0.100	0.100	0.700
0.100	0.700	0.100	0.100
0.100	0.700	0.100	0.100
0.100	0.100	0.100	0.700
