>TAATCAGACA	1-TAATCAGACA	9.758561	-24.568387	0	T:18.0(3.73%),B:197.7(0.44%),P:1e-10	Tpos:158.5,Tstd:86.0,Bpos:168.5,Bstd:96.4,StrandBias:-0.7,Multiplicity:1.00
0.262	0.001	0.057	0.680
0.997	0.001	0.001	0.001
0.909	0.001	0.001	0.089
0.001	0.001	0.054	0.944
0.001	0.951	0.047	0.001
0.844	0.154	0.001	0.001
0.084	0.001	0.914	0.001
0.843	0.067	0.001	0.089
0.046	0.952	0.001	0.001
0.997	0.001	0.001	0.001
>CGGGKAGTGG	2-CGGGKAGTGG	9.581860	-23.626188	0	T:95.0(19.67%),B:4414.1(9.77%),P:1e-10	Tpos:195.8,Tstd:94.8,Bpos:190.7,Bstd:104.4,StrandBias:0.2,Multiplicity:1.10
0.001	0.669	0.329	0.001
0.180	0.001	0.561	0.258
0.001	0.001	0.997	0.001
0.001	0.001	0.997	0.001
0.001	0.001	0.523	0.475
0.577	0.001	0.421	0.001
0.001	0.001	0.997	0.001
0.001	0.220	0.231	0.548
0.001	0.001	0.997	0.001
0.001	0.001	0.997	0.001
>ACTGAACTTG	3-ACTGAACTTG	10.164588	-22.906251	0	T:17.0(3.52%),B:191.3(0.42%),P:1e-9	Tpos:138.1,Tstd:112.9,Bpos:170.3,Bstd:99.7,StrandBias:-0.5,Multiplicity:1.00
0.819	0.056	0.001	0.124
0.042	0.861	0.096	0.001
0.001	0.001	0.001	0.997
0.001	0.001	0.997	0.001
0.997	0.001	0.001	0.001
0.873	0.001	0.125	0.001
0.001	0.997	0.001	0.001
0.073	0.001	0.001	0.925
0.070	0.082	0.001	0.847
0.001	0.001	0.760	0.238
>AGCCTCCTTA	4-AGCCTCCTTA	7.754674	-22.426642	0	T:29.0(6.00%),B:633.9(1.40%),P:1e-9	Tpos:180.4,Tstd:104.7,Bpos:169.0,Bstd:103.5,StrandBias:0.9,Multiplicity:1.07
0.691	0.210	0.055	0.044
0.261	0.021	0.702	0.016
0.058	0.453	0.197	0.292
0.031	0.670	0.223	0.076
0.037	0.241	0.020	0.702
0.034	0.678	0.065	0.223
0.045	0.688	0.008	0.259
0.023	0.209	0.041	0.727
0.198	0.118	0.151	0.533
0.555	0.129	0.092	0.224
>ATTCTTCCAA	5-ATTCTTCCAA	7.806732	-20.267704	0	T:22.0(4.55%),B:406.0(0.90%),P:1e-8	Tpos:139.7,Tstd:93.1,Bpos:151.4,Bstd:98.5,StrandBias:1.5,Multiplicity:1.05
0.553	0.230	0.006	0.211
0.041	0.041	0.049	0.869
0.064	0.039	0.085	0.812
0.118	0.600	0.035	0.247
0.022	0.212	0.235	0.531
0.234	0.053	0.035	0.678
0.050	0.648	0.036	0.266
0.275	0.528	0.019	0.178
0.671	0.217	0.026	0.086
0.559	0.032	0.212	0.197
>GGTGCCCGCA	6-GGTGCCCGCA	8.121802	-19.042124	0	T:88.0(18.22%),B:4335.4(9.59%),P:1e-8	Tpos:187.5,Tstd:95.9,Bpos:177.1,Bstd:109.1,StrandBias:-0.3,Multiplicity:1.19
0.001	0.351	0.601	0.047
0.073	0.335	0.591	0.001
0.155	0.048	0.001	0.796
0.001	0.401	0.597	0.001
0.035	0.963	0.001	0.001
0.001	0.858	0.038	0.103
0.001	0.997	0.001	0.001
0.038	0.135	0.570	0.257
0.040	0.922	0.037	0.001
0.857	0.001	0.078	0.064
>GGCTGCTCCA	7-GGCTGCTCCA	9.566097	-18.578780	0	T:35.0(7.25%),B:1054.5(2.33%),P:1e-8	Tpos:175.9,Tstd:97.8,Bpos:192.5,Bstd:123.8,StrandBias:0.1,Multiplicity:1.06
0.001	0.001	0.797	0.201
0.043	0.014	0.837	0.106
0.001	0.997	0.001	0.001
0.037	0.001	0.075	0.887
0.001	0.001	0.965	0.033
0.001	0.997	0.001	0.001
0.075	0.001	0.001	0.923
0.001	0.859	0.108	0.032
0.050	0.874	0.001	0.075
0.929	0.036	0.001	0.034
>CGCGAACCTT	8-CGCGAACCTT	8.722383	-18.162322	0	T:17.0(3.52%),B:267.9(0.59%),P:1e-7	Tpos:174.1,Tstd:108.6,Bpos:164.6,Bstd:95.2,StrandBias:-0.2,Multiplicity:1.00
0.096	0.902	0.001	0.001
0.150	0.093	0.756	0.001
0.069	0.851	0.079	0.001
0.001	0.096	0.902	0.001
0.997	0.001	0.001	0.001
0.806	0.058	0.064	0.072
0.001	0.997	0.001	0.001
0.001	0.997	0.001	0.001
0.001	0.001	0.001	0.997
0.001	0.050	0.076	0.873
>CACGTGCGAC	9-CACGTGCGAC	10.316219	-17.965636	0	T:5.0(1.04%),B:4.8(0.01%),P:1e-7	Tpos:172.2,Tstd:79.0,Bpos:188.9,Bstd:78.9,StrandBias:-0.6,Multiplicity:1.00
0.001	0.997	0.001	0.001
0.997	0.001	0.001	0.001
0.001	0.997	0.001	0.001
0.001	0.001	0.793	0.205
0.001	0.001	0.001	0.997
0.144	0.001	0.854	0.001
0.001	0.997	0.001	0.001
0.001	0.001	0.997	0.001
0.997	0.001	0.001	0.001
0.001	0.997	0.001	0.001
>CGCACCCCAG	10-CGCACCCCAG	9.315402	-16.744598	0	T:32.0(6.63%),B:979.8(2.17%),P:1e-7	Tpos:138.9,Tstd:95.8,Bpos:164.3,Bstd:111.9,StrandBias:0.3,Multiplicity:1.12
0.043	0.932	0.024	0.001
0.077	0.001	0.896	0.026
0.068	0.821	0.041	0.070
0.846	0.001	0.001	0.152
0.001	0.974	0.001	0.024
0.059	0.900	0.040	0.001
0.074	0.879	0.001	0.046
0.107	0.891	0.001	0.001
0.964	0.001	0.001	0.034
0.001	0.001	0.951	0.047
>GAGTGGGGTT	11-GAGTGGGGTT	9.382230	-16.324852	0	T:26.0(5.38%),B:695.5(1.54%),P:1e-7	Tpos:157.0,Tstd:101.8,Bpos:166.2,Bstd:110.0,StrandBias:0.2,Multiplicity:1.00
0.001	0.001	0.997	0.001
0.969	0.001	0.029	0.001
0.001	0.034	0.964	0.001
0.022	0.032	0.088	0.858
0.001	0.056	0.942	0.001
0.118	0.086	0.735	0.061
0.026	0.120	0.853	0.001
0.046	0.040	0.872	0.042
0.001	0.049	0.001	0.949
0.044	0.035	0.029	0.892
>GAGAGGGACA	12-GAGAGGGACA	7.110303	-15.365443	0	T:126.0(26.09%),B:7596.6(16.81%),P:1e-6	Tpos:182.2,Tstd:98.7,Bpos:175.3,Bstd:111.5,StrandBias:-0.3,Multiplicity:1.18
0.092	0.103	0.792	0.013
0.935	0.016	0.035	0.014
0.090	0.125	0.708	0.077
0.765	0.125	0.049	0.061
0.058	0.086	0.817	0.039
0.077	0.015	0.851	0.057
0.092	0.095	0.812	0.001
0.757	0.063	0.082	0.098
0.122	0.801	0.075	0.002
0.782	0.060	0.128	0.030
>GCAGGCTGCT	13-GCAGGCTGCT	8.742748	-14.970446	0	T:37.0(7.66%),B:1344.1(2.97%),P:1e-6	Tpos:205.0,Tstd:85.9,Bpos:184.8,Bstd:116.6,StrandBias:-0.3,Multiplicity:1.03
0.001	0.036	0.962	0.001
0.034	0.951	0.014	0.001
0.903	0.020	0.076	0.001
0.001	0.001	0.943	0.055
0.060	0.120	0.755	0.065
0.001	0.956	0.001	0.042
0.001	0.042	0.021	0.936
0.001	0.014	0.939	0.046
0.030	0.891	0.001	0.078
0.001	0.155	0.070	0.774
>CAGGAGTAGT	14-CAGGAGTAGT	8.175805	-14.244964	0	T:27.0(5.59%),B:830.7(1.84%),P:1e-6	Tpos:141.0,Tstd:109.3,Bpos:176.6,Bstd:106.7,StrandBias:-0.2,Multiplicity:1.04
0.001	0.997	0.001	0.001
0.997	0.001	0.001	0.001
0.001	0.001	0.997	0.001
0.066	0.109	0.824	0.001
0.788	0.001	0.079	0.132
0.001	0.001	0.997	0.001
0.001	0.026	0.016	0.957
0.818	0.077	0.050	0.055
0.001	0.103	0.895	0.001
0.082	0.051	0.068	0.799
>TAATYHAGCA	15-TAATYHAGCA	6.233032	-12.124128	0	T:77.0(15.94%),B:4276.9(9.46%),P:1e-5	Tpos:167.4,Tstd:99.4,Bpos:157.5,Bstd:105.0,StrandBias:0.4,Multiplicity:1.25
0.001	0.001	0.098	0.900
0.558	0.234	0.006	0.202
0.777	0.221	0.001	0.001
0.001	0.176	0.227	0.596
0.175	0.291	0.106	0.428
0.373	0.348	0.044	0.234
0.775	0.001	0.006	0.218
0.005	0.181	0.619	0.195
0.287	0.544	0.001	0.168
0.617	0.001	0.147	0.235
>ATACCTAGCA	16-ATACCTAGCA	7.883497	-10.642519	0	T:21.0(4.35%),B:680.3(1.51%),P:1e-4	Tpos:176.0,Tstd:98.2,Bpos:153.8,Bstd:104.9,StrandBias:1.4,Multiplicity:1.24
0.878	0.001	0.120	0.001
0.108	0.001	0.001	0.890
0.892	0.001	0.106	0.001
0.064	0.773	0.039	0.124
0.001	0.801	0.001	0.197
0.213	0.104	0.001	0.682
0.569	0.152	0.180	0.099
0.001	0.076	0.804	0.119
0.001	0.637	0.001	0.361
0.910	0.001	0.001	0.088
>GCCAGTACCA	17-GCCAGTACCA	10.102130	-10.507311	0	T:15.0(3.11%),B:383.1(0.85%),P:1e-4	Tpos:172.9,Tstd:100.0,Bpos:189.4,Bstd:104.8,StrandBias:-1.0,Multiplicity:1.20
0.001	0.103	0.895	0.001
0.001	0.997	0.001	0.001
0.001	0.997	0.001	0.001
0.997	0.001	0.001	0.001
0.001	0.001	0.997	0.001
0.059	0.050	0.001	0.890
0.627	0.167	0.205	0.001
0.001	0.797	0.001	0.201
0.001	0.997	0.001	0.001
0.895	0.001	0.103	0.001
>ATAGACTCCT	18-ATAGACTCCT	10.296193	-6.819120	0	T:2.0(0.41%),B:3.1(0.01%),P:1e-2	Tpos:173.7,Tstd:70.9,Bpos:77.5,Bstd:61.9,StrandBias:2.3,Multiplicity:3.00
0.700	0.100	0.100	0.100
0.100	0.100	0.100	0.700
0.700	0.100	0.100	0.100
0.100	0.100	0.700	0.100
0.700	0.100	0.100	0.100
0.100	0.700	0.100	0.100
0.100	0.100	0.100	0.700
0.100	0.700	0.100	0.100
0.100	0.700	0.100	0.100
0.100	0.100	0.100	0.700
