>TAATCAGACA	1-TAATCAGACA	9.758561	-24.568387	0	T:18.0(3.73%),B:197.7(0.44%),P:1e-10	Tpos:158.5,Tstd:86.0,Bpos:168.5,Bstd:96.4,StrandBias:-0.7,Multiplicity:1.00
0.262	0.001	0.057	0.680
0.997	0.001	0.001	0.001
0.909	0.001	0.001	0.089
0.001	0.001	0.054	0.944
0.001	0.951	0.047	0.001
0.844	0.154	0.001	0.001
0.084	0.001	0.914	0.001
0.843	0.067	0.001	0.089
0.046	0.952	0.001	0.001
0.997	0.001	0.001	0.001
>CGGGKAGTGG	2-CGGGKAGTGG	9.581860	-23.626188	0	T:95.0(19.67%),B:4414.1(9.77%),P:1e-10	Tpos:195.8,Tstd:94.8,Bpos:190.7,Bstd:104.4,StrandBias:0.2,Multiplicity:1.10
0.001	0.669	0.329	0.001
0.180	0.001	0.561	0.258
0.001	0.001	0.997	0.001
0.001	0.001	0.997	0.001
0.001	0.001	0.523	0.475
0.577	0.001	0.421	0.001
0.001	0.001	0.997	0.001
0.001	0.220	0.231	0.548
0.001	0.001	0.997	0.001
0.001	0.001	0.997	0.001
>ACTGAACTTG	3-ACTGAACTTG	10.164588	-22.906251	0	T:17.0(3.52%),B:191.3(0.42%),P:1e-9	Tpos:138.1,Tstd:112.9,Bpos:170.3,Bstd:99.7,StrandBias:-0.5,Multiplicity:1.00
0.819	0.056	0.001	0.124
0.042	0.861	0.096	0.001
0.001	0.001	0.001	0.997
0.001	0.001	0.997	0.001
0.997	0.001	0.001	0.001
0.873	0.001	0.125	0.001
0.001	0.997	0.001	0.001
0.073	0.001	0.001	0.925
0.070	0.082	0.001	0.847
0.001	0.001	0.760	0.238
>AGCCTCCTTA	4-AGCCTCCTTA	7.754674	-22.426642	0	T:29.0(6.00%),B:633.9(1.40%),P:1e-9	Tpos:180.4,Tstd:104.7,Bpos:169.0,Bstd:103.5,StrandBias:0.9,Multiplicity:1.07
0.691	0.210	0.055	0.044
0.261	0.021	0.702	0.016
0.058	0.453	0.197	0.292
0.031	0.670	0.223	0.076
0.037	0.241	0.020	0.702
0.034	0.678	0.065	0.223
0.045	0.688	0.008	0.259
0.023	0.209	0.041	0.727
0.198	0.118	0.151	0.533
0.555	0.129	0.092	0.224
>ATTCTTCCAA	5-ATTCTTCCAA	7.806732	-20.267704	0	T:22.0(4.55%),B:406.0(0.90%),P:1e-8	Tpos:139.7,Tstd:93.1,Bpos:151.4,Bstd:98.5,StrandBias:1.5,Multiplicity:1.05
0.553	0.230	0.006	0.211
0.041	0.041	0.049	0.869
0.064	0.039	0.085	0.812
0.118	0.600	0.035	0.247
0.022	0.212	0.235	0.531
0.234	0.053	0.035	0.678
0.050	0.648	0.036	0.266
0.275	0.528	0.019	0.178
0.671	0.217	0.026	0.086
0.559	0.032	0.212	0.197
>GGTGCCCGCA	6-GGTGCCCGCA	8.121802	-19.042124	0	T:88.0(18.22%),B:4335.4(9.59%),P:1e-8	Tpos:187.5,Tstd:95.9,Bpos:177.1,Bstd:109.1,StrandBias:-0.3,Multiplicity:1.19
0.001	0.351	0.601	0.047
0.073	0.335	0.591	0.001
0.155	0.048	0.001	0.796
0.001	0.401	0.597	0.001
0.035	0.963	0.001	0.001
0.001	0.858	0.038	0.103
0.001	0.997	0.001	0.001
0.038	0.135	0.570	0.257
0.040	0.922	0.037	0.001
0.857	0.001	0.078	0.064
>GGCTGCTCCA	7-GGCTGCTCCA	9.566097	-18.578780	0	T:35.0(7.25%),B:1054.5(2.33%),P:1e-8	Tpos:175.9,Tstd:97.8,Bpos:192.5,Bstd:123.8,StrandBias:0.1,Multiplicity:1.06
0.001	0.001	0.797	0.201
0.043	0.014	0.837	0.106
0.001	0.997	0.001	0.001
0.037	0.001	0.075	0.887
0.001	0.001	0.965	0.033
0.001	0.997	0.001	0.001
0.075	0.001	0.001	0.923
0.001	0.859	0.108	0.032
0.050	0.874	0.001	0.075
0.929	0.036	0.001	0.034
>CGCGAACCTT	8-CGCGAACCTT	8.722383	-18.162322	0	T:17.0(3.52%),B:267.9(0.59%),P:1e-7	Tpos:174.1,Tstd:108.6,Bpos:164.6,Bstd:95.2,StrandBias:-0.2,Multiplicity:1.00
0.096	0.902	0.001	0.001
0.150	0.093	0.756	0.001
0.069	0.851	0.079	0.001
0.001	0.096	0.902	0.001
0.997	0.001	0.001	0.001
0.806	0.058	0.064	0.072
0.001	0.997	0.001	0.001
0.001	0.997	0.001	0.001
0.001	0.001	0.001	0.997
0.001	0.050	0.076	0.873
>CACGTGCGAC	9-CACGTGCGAC	10.316219	-17.965636	0	T:5.0(1.04%),B:4.8(0.01%),P:1e-7	Tpos:172.2,Tstd:79.0,Bpos:188.9,Bstd:78.9,StrandBias:-0.6,Multiplicity:1.00
0.001	0.997	0.001	0.001
0.997	0.001	0.001	0.001
0.001	0.997	0.001	0.001
0.001	0.001	0.793	0.205
0.001	0.001	0.001	0.997
0.144	0.001	0.854	0.001
0.001	0.997	0.001	0.001
0.001	0.001	0.997	0.001
0.997	0.001	0.001	0.001
0.001	0.997	0.001	0.001
>CGCACCCCAG	10-CGCACCCCAG	9.315402	-16.744598	0	T:32.0(6.63%),B:979.8(2.17%),P:1e-7	Tpos:138.9,Tstd:95.8,Bpos:164.3,Bstd:111.9,StrandBias:0.3,Multiplicity:1.12
0.043	0.932	0.024	0.001
0.077	0.001	0.896	0.026
0.068	0.821	0.041	0.070
0.846	0.001	0.001	0.152
0.001	0.974	0.001	0.024
0.059	0.900	0.040	0.001
0.074	0.879	0.001	0.046
0.107	0.891	0.001	0.001
0.964	0.001	0.001	0.034
0.001	0.001	0.951	0.047
>GAGTGGGGTT	11-GAGTGGGGTT	9.382230	-16.324852	0	T:26.0(5.38%),B:695.5(1.54%),P:1e-7	Tpos:157.0,Tstd:101.8,Bpos:166.2,Bstd:110.0,StrandBias:0.2,Multiplicity:1.00
0.001	0.001	0.997	0.001
0.969	0.001	0.029	0.001
0.001	0.034	0.964	0.001
0.022	0.032	0.088	0.858
0.001	0.056	0.942	0.001
0.118	0.086	0.735	0.061
0.026	0.120	0.853	0.001
0.046	0.040	0.872	0.042
0.001	0.049	0.001	0.949
0.044	0.035	0.029	0.892
>GAGAGGGACA	12-GAGAGGGACA	7.110303	-15.365443	0	T:126.0(26.09%),B:7596.6(16.81%),P:1e-6	Tpos:182.2,Tstd:98.7,Bpos:175.3,Bstd:111.5,StrandBias:-0.3,Multiplicity:1.18
0.092	0.103	0.792	0.013
0.935	0.016	0.035	0.014
0.090	0.125	0.708	0.077
0.765	0.125	0.049	0.061
0.058	0.086	0.817	0.039
0.077	0.015	0.851	0.057
0.092	0.095	0.812	0.001
0.757	0.063	0.082	0.098
0.122	0.801	0.075	0.002
0.782	0.060	0.128	0.030
>GCAGGCTGCT	13-GCAGGCTGCT	8.742748	-14.970446	0	T:37.0(7.66%),B:1344.1(2.97%),P:1e-6	Tpos:205.0,Tstd:85.9,Bpos:184.8,Bstd:116.6,StrandBias:-0.3,Multiplicity:1.03
0.001	0.036	0.962	0.001
0.034	0.951	0.014	0.001
0.903	0.020	0.076	0.001
0.001	0.001	0.943	0.055
0.060	0.120	0.755	0.065
0.001	0.956	0.001	0.042
0.001	0.042	0.021	0.936
0.001	0.014	0.939	0.046
0.030	0.891	0.001	0.078
0.001	0.155	0.070	0.774
>CAGGAGTAGT	14-CAGGAGTAGT	8.175805	-14.244964	0	T:27.0(5.59%),B:830.7(1.84%),P:1e-6	Tpos:141.0,Tstd:109.3,Bpos:176.6,Bstd:106.7,StrandBias:-0.2,Multiplicity:1.04
0.001	0.997	0.001	0.001
0.997	0.001	0.001	0.001
0.001	0.001	0.997	0.001
0.066	0.109	0.824	0.001
0.788	0.001	0.079	0.132
0.001	0.001	0.997	0.001
0.001	0.026	0.016	0.957
0.818	0.077	0.050	0.055
0.001	0.103	0.895	0.001
0.082	0.051	0.068	0.799
>TAATYHAGCA	15-TAATYHAGCA	6.233032	-12.124128	0	T:77.0(15.94%),B:4276.9(9.46%),P:1e-5	Tpos:167.4,Tstd:99.4,Bpos:157.5,Bstd:105.0,StrandBias:0.4,Multiplicity:1.25
0.001	0.001	0.098	0.900
0.558	0.234	0.006	0.202
0.777	0.221	0.001	0.001
0.001	0.176	0.227	0.596
0.175	0.291	0.106	0.428
0.373	0.348	0.044	0.234
0.775	0.001	0.006	0.218
0.005	0.181	0.619	0.195
0.287	0.544	0.001	0.168
0.617	0.001	0.147	0.235
>ATACCTAGCA	16-ATACCTAGCA	7.883497	-10.642519	0	T:21.0(4.35%),B:680.3(1.51%),P:1e-4	Tpos:176.0,Tstd:98.2,Bpos:153.8,Bstd:104.9,StrandBias:1.4,Multiplicity:1.24
0.878	0.001	0.120	0.001
0.108	0.001	0.001	0.890
0.892	0.001	0.106	0.001
0.064	0.773	0.039	0.124
0.001	0.801	0.001	0.197
0.213	0.104	0.001	0.682
0.569	0.152	0.180	0.099
0.001	0.076	0.804	0.119
0.001	0.637	0.001	0.361
0.910	0.001	0.001	0.088
>GCCAGTACCA	17-GCCAGTACCA	10.102130	-10.507311	0	T:15.0(3.11%),B:383.1(0.85%),P:1e-4	Tpos:172.9,Tstd:100.0,Bpos:189.4,Bstd:104.8,StrandBias:-1.0,Multiplicity:1.20
0.001	0.103	0.895	0.001
0.001	0.997	0.001	0.001
0.001	0.997	0.001	0.001
0.997	0.001	0.001	0.001
0.001	0.001	0.997	0.001
0.059	0.050	0.001	0.890
0.627	0.167	0.205	0.001
0.001	0.797	0.001	0.201
0.001	0.997	0.001	0.001
0.895	0.001	0.103	0.001
>ATAGACTCCT	18-ATAGACTCCT	10.296193	-6.819120	0	T:2.0(0.41%),B:3.1(0.01%),P:1e-2	Tpos:173.7,Tstd:70.9,Bpos:77.5,Bstd:61.9,StrandBias:2.3,Multiplicity:3.00
0.700	0.100	0.100	0.100
0.100	0.100	0.100	0.700
0.700	0.100	0.100	0.100
0.100	0.100	0.700	0.100
0.700	0.100	0.100	0.100
0.100	0.700	0.100	0.100
0.100	0.100	0.100	0.700
0.100	0.700	0.100	0.100
0.100	0.700	0.100	0.100
0.100	0.100	0.100	0.700
>AGCAGCCAGGGA	1-AGCAGCCAGGGA	10.145251	-28.906972	0	T:37.0(7.66%),B:790.1(1.75%),P:1e-12	Tpos:166.7,Tstd:96.4,Bpos:176.7,Bstd:117.6,StrandBias:0.5,Multiplicity:1.03
0.807	0.045	0.044	0.104
0.001	0.088	0.910	0.001
0.001	0.957	0.041	0.001
0.944	0.054	0.001	0.001
0.159	0.001	0.708	0.132
0.001	0.689	0.206	0.104
0.001	0.879	0.016	0.104
0.523	0.001	0.234	0.242
0.067	0.001	0.931	0.001
0.075	0.079	0.845	0.001
0.001	0.163	0.835	0.001
0.949	0.049	0.001	0.001
>GGGGTGGTGAGC	2-GGGGTGGTGAGC	11.364794	-24.422054	0	T:15.0(3.11%),B:123.4(0.27%),P:1e-10	Tpos:216.9,Tstd:113.4,Bpos:176.4,Bstd:107.6,StrandBias:1.1,Multiplicity:1.07
0.001	0.001	0.997	0.001
0.080	0.131	0.788	0.001
0.001	0.001	0.997	0.001
0.001	0.001	0.997	0.001
0.001	0.001	0.079	0.919
0.079	0.001	0.919	0.001
0.001	0.091	0.907	0.001
0.084	0.001	0.001	0.914
0.001	0.001	0.997	0.001
0.815	0.063	0.063	0.059
0.020	0.085	0.894	0.001
0.091	0.847	0.061	0.001
>AGCTGGGAGTGG	3-AGCTGGGAGTGG	10.942969	-23.584150	0	T:43.0(8.90%),B:1252.3(2.77%),P:1e-10	Tpos:195.3,Tstd:95.7,Bpos:198.4,Bstd:105.9,StrandBias:0.0,Multiplicity:1.02
0.562	0.027	0.209	0.202
0.001	0.075	0.923	0.001
0.001	0.910	0.088	0.001
0.101	0.123	0.095	0.681
0.001	0.001	0.997	0.001
0.001	0.001	0.997	0.001
0.001	0.001	0.997	0.001
0.837	0.001	0.106	0.056
0.001	0.117	0.881	0.001
0.129	0.001	0.124	0.746
0.001	0.001	0.997	0.001
0.001	0.001	0.874	0.124
>ATAGCAGAGGTC	4-ATAGCAGAGGTC	12.043928	-23.092049	0	T:8.0(1.66%),B:16.6(0.04%),P:1e-10	Tpos:124.6,Tstd:107.8,Bpos:146.0,Bstd:80.6,StrandBias:1.6,Multiplicity:1.00
0.997	0.001	0.001	0.001
0.270	0.101	0.001	0.628
0.994	0.001	0.004	0.001
0.001	0.001	0.997	0.001
0.001	0.736	0.104	0.159
0.693	0.171	0.001	0.135
0.121	0.159	0.719	0.001
0.997	0.001	0.001	0.001
0.001	0.158	0.840	0.001
0.001	0.001	0.997	0.001
0.158	0.001	0.001	0.840
0.121	0.584	0.294	0.001
>TAACTTCAGGTC	5-TAACTTCAGGTC	14.257152	-22.766889	0	T:5.0(1.04%),B:1.0(0.00%),P:1e-9	Tpos:165.8,Tstd:122.6,Bpos:167.1,Bstd:9.8,StrandBias:0.6,Multiplicity:1.00
0.001	0.001	0.001	0.997
0.997	0.001	0.001	0.001
0.997	0.001	0.001	0.001
0.001	0.997	0.001	0.001
0.001	0.001	0.001	0.997
0.001	0.001	0.001	0.997
0.001	0.997	0.001	0.001
0.799	0.001	0.001	0.199
0.001	0.001	0.997	0.001
0.001	0.199	0.799	0.001
0.001	0.200	0.200	0.599
0.001	0.997	0.001	0.001
>CTCTGGMCACTT	6-CTCTGGMCACTT	11.663477	-22.228850	0	T:12.0(2.48%),B:78.2(0.17%),P:1e-9	Tpos:170.5,Tstd:103.6,Bpos:195.2,Bstd:112.9,StrandBias:0.5,Multiplicity:1.00
0.001	0.997	0.001	0.001
0.001	0.001	0.001	0.997
0.001	0.997	0.001	0.001
0.001	0.010	0.150	0.839
0.001	0.287	0.711	0.001
0.001	0.001	0.864	0.134
0.428	0.570	0.001	0.001
0.107	0.891	0.001	0.001
0.604	0.007	0.274	0.115
0.001	0.997	0.001	0.001
0.001	0.001	0.001	0.997
0.177	0.001	0.001	0.821
>CAAGGCACAGAT	7-CAAGGCACAGAT	14.154177	-22.015309	0	T:6.0(1.24%),B:4.6(0.01%),P:1e-9	Tpos:152.5,Tstd:39.1,Bpos:180.3,Bstd:101.5,StrandBias:1.0,Multiplicity:1.00
0.001	0.779	0.219	0.001
0.812	0.001	0.186	0.001
0.997	0.001	0.001	0.001
0.186	0.220	0.593	0.001
0.001	0.001	0.997	0.001
0.001	0.997	0.001	0.001
0.997	0.001	0.001	0.001
0.001	0.997	0.001	0.001
0.997	0.001	0.001	0.001
0.001	0.001	0.997	0.001
0.997	0.001	0.001	0.001
0.001	0.001	0.001	0.997
>ATGCTACCAGGA	8-ATGCTACCAGGA	14.017318	-21.235838	0	T:6.0(1.24%),B:5.6(0.01%),P:1e-9	Tpos:120.8,Tstd:93.9,Bpos:137.5,Bstd:93.3,StrandBias:2.3,Multiplicity:1.00
0.997	0.001	0.001	0.001
0.001	0.001	0.001	0.997
0.001	0.001	0.997	0.001
0.001	0.997	0.001	0.001
0.177	0.001	0.001	0.821
0.713	0.001	0.135	0.151
0.001	0.821	0.177	0.001
0.001	0.997	0.001	0.001
0.997	0.001	0.001	0.001
0.001	0.001	0.997	0.001
0.001	0.001	0.997	0.001
0.821	0.177	0.001	0.001
>AGCACMGKCATT	9-AGCACMGKCATT	10.937199	-20.167313	0	T:11.0(2.28%),B:74.4(0.16%),P:1e-8	Tpos:155.3,Tstd:104.4,Bpos:137.2,Bstd:86.4,StrandBias:2.2,Multiplicity:1.00
0.507	0.173	0.147	0.173
0.001	0.001	0.969	0.029
0.001	0.672	0.001	0.326
0.826	0.001	0.001	0.172
0.173	0.505	0.321	0.001
0.505	0.493	0.001	0.001
0.001	0.001	0.997	0.001
0.001	0.001	0.442	0.556
0.120	0.878	0.001	0.001
0.997	0.001	0.001	0.001
0.384	0.001	0.001	0.614
0.001	0.001	0.001	0.997
>TGCTCGCGCTGC	10-TGCTCGCGCTGC	11.153824	-20.044234	0	T:18.0(3.73%),B:266.5(0.59%),P:1e-8	Tpos:234.9,Tstd:88.5,Bpos:200.6,Bstd:113.3,StrandBias:-0.9,Multiplicity:1.11
0.001	0.198	0.001	0.800
0.104	0.252	0.643	0.001
0.001	0.931	0.001	0.067
0.093	0.044	0.149	0.714
0.001	0.997	0.001	0.001
0.001	0.068	0.930	0.001
0.001	0.807	0.088	0.104
0.001	0.050	0.730	0.219
0.001	0.997	0.001	0.001
0.001	0.001	0.001	0.997
0.001	0.228	0.770	0.001
0.001	0.890	0.108	0.001
>AGYSTTTCSASC	11-AGYSTTTCSASC	13.730900	-19.739885	0	T:5.0(1.04%),B:3.0(0.01%),P:1e-8	Tpos:172.4,Tstd:80.3,Bpos:121.8,Bstd:95.1,StrandBias:10.0,Multiplicity:1.00
0.997	0.001	0.001	0.001
0.001	0.001	0.997	0.001
0.001	0.549	0.001	0.449
0.001	0.467	0.531	0.001
0.001	0.001	0.001	0.997
0.081	0.001	0.001	0.917
0.001	0.001	0.001	0.997
0.001	0.997	0.001	0.001
0.001	0.466	0.532	0.001
0.997	0.001	0.001	0.001
0.001	0.549	0.449	0.001
0.001	0.997	0.001	0.001
>TCTTCAAGGCTC	12-TCTTCAAGGCTC	12.192954	-19.624890	0	T:7.0(1.45%),B:16.4(0.04%),P:1e-8	Tpos:205.1,Tstd:55.8,Bpos:197.6,Bstd:86.5,StrandBias:0.4,Multiplicity:1.00
0.001	0.001	0.001	0.997
0.001	0.959	0.039	0.001
0.001	0.232	0.001	0.766
0.001	0.170	0.001	0.828
0.001	0.997	0.001	0.001
0.736	0.001	0.001	0.262
0.843	0.001	0.001	0.155
0.001	0.001	0.775	0.223
0.223	0.001	0.775	0.001
0.001	0.605	0.170	0.224
0.263	0.001	0.001	0.735
0.001	0.891	0.107	0.001
>CCAGCCCCTGGC	13-CCAGCCCCTGGC	9.607686	-19.395507	0	T:69.0(14.29%),B:3021.4(6.69%),P:1e-8	Tpos:189.9,Tstd:96.6,Bpos:185.2,Bstd:111.1,StrandBias:0.5,Multiplicity:1.10
0.073	0.779	0.110	0.038
0.039	0.860	0.025	0.076
0.827	0.068	0.055	0.050
0.020	0.057	0.877	0.046
0.001	0.839	0.084	0.076
0.001	0.926	0.065	0.008
0.001	0.891	0.086	0.022
0.007	0.796	0.084	0.113
0.092	0.082	0.137	0.689
0.060	0.023	0.835	0.082
0.049	0.020	0.832	0.099
0.049	0.857	0.079	0.015
>RGSACACTGTCC	14-RGSACACTGTCC	11.944576	-19.390988	0	T:6.0(1.24%),B:8.7(0.02%),P:1e-8	Tpos:151.0,Tstd:92.7,Bpos:215.6,Bstd:68.1,StrandBias:0.0,Multiplicity:1.00
0.477	0.001	0.521	0.001
0.001	0.001	0.997	0.001
0.001	0.442	0.556	0.001
0.997	0.001	0.001	0.001
0.035	0.963	0.001	0.001
0.997	0.001	0.001	0.001
0.001	0.960	0.038	0.001
0.001	0.001	0.001	0.997
0.001	0.001	0.997	0.001
0.035	0.001	0.001	0.963
0.001	0.997	0.001	0.001
0.001	0.997	0.001	0.001
>TATTCCGGCCCC	15-TATTCCGGCCCC	13.610778	-19.289193	0	T:7.0(1.45%),B:17.7(0.04%),P:1e-8	Tpos:200.3,Tstd:96.6,Bpos:189.2,Bstd:102.2,StrandBias:-0.4,Multiplicity:1.00
0.001	0.145	0.001	0.853
0.887	0.111	0.001	0.001
0.001	0.001	0.145	0.853
0.001	0.001	0.001	0.997
0.001	0.827	0.171	0.001
0.001	0.997	0.001	0.001
0.001	0.001	0.997	0.001
0.001	0.001	0.997	0.001
0.001	0.868	0.001	0.130
0.145	0.853	0.001	0.001
0.001	0.997	0.001	0.001
0.001	0.997	0.001	0.001
>CGCGCCAACCAG	16-CGCGCCAACCAG	13.680993	-19.289193	0	T:7.0(1.45%),B:17.4(0.04%),P:1e-8	Tpos:258.7,Tstd:91.4,Bpos:232.2,Bstd:92.1,StrandBias:-0.4,Multiplicity:1.00
0.001	0.997	0.001	0.001
0.001	0.001	0.997	0.001
0.001	0.997	0.001	0.001
0.001	0.001	0.880	0.118
0.001	0.854	0.144	0.001
0.001	0.854	0.144	0.001
0.997	0.001	0.001	0.001
0.997	0.001	0.001	0.001
0.001	0.724	0.104	0.171
0.001	0.997	0.001	0.001
0.854	0.144	0.001	0.001
0.001	0.001	0.997	0.001
>GGGGCCCTGACC	17-GGGGCCCTGACC	12.725651	-18.960169	0	T:12.0(2.48%),B:107.6(0.24%),P:1e-8	Tpos:139.9,Tstd:87.9,Bpos:193.3,Bstd:94.5,StrandBias:-1.0,Multiplicity:1.00
0.001	0.065	0.851	0.083
0.001	0.001	0.997	0.001
0.001	0.001	0.997	0.001
0.001	0.001	0.997	0.001
0.001	0.997	0.001	0.001
0.001	0.997	0.001	0.001
0.001	0.904	0.094	0.001
0.001	0.112	0.105	0.782
0.001	0.001	0.887	0.111
0.901	0.050	0.048	0.001
0.001	0.894	0.104	0.001
0.001	0.853	0.001	0.145
>TCCAGCAGGAGT	18-TCCAGCAGGAGT	15.499861	-18.209392	0	T:4.0(0.83%),B:0.7(0.00%),P:1e-7	Tpos:50.2,Tstd:24.8,Bpos:287.0,Bstd:0.0,StrandBias:-1.6,Multiplicity:1.00
0.001	0.001	0.001	0.997
0.001	0.997	0.001	0.001
0.001	0.997	0.001	0.001
0.997	0.001	0.001	0.001
0.001	0.332	0.666	0.001
0.001	0.997	0.001	0.001
0.997	0.001	0.001	0.001
0.001	0.001	0.997	0.001
0.001	0.001	0.997	0.001
0.997	0.001	0.001	0.001
0.001	0.001	0.997	0.001
0.001	0.001	0.001	0.997
>TTTCCACCTTCT	19-TTTCCACCTTCT	10.692906	-17.975569	0	T:15.0(3.11%),B:205.0(0.45%),P:1e-7	Tpos:150.7,Tstd:99.5,Bpos:170.3,Bstd:98.2,StrandBias:-0.2,Multiplicity:1.00
0.001	0.001	0.001	0.997
0.085	0.124	0.001	0.790
0.100	0.001	0.001	0.898
0.177	0.536	0.101	0.186
0.075	0.923	0.001	0.001
0.997	0.001	0.001	0.001
0.001	0.756	0.158	0.085
0.176	0.822	0.001	0.001
0.001	0.001	0.100	0.898
0.001	0.252	0.001	0.746
0.001	0.737	0.001	0.261
0.084	0.001	0.001	0.914
>CTTTATAAAGTC	20-CTTTATAAAGTC	14.003732	-16.683856	0	T:5.0(1.04%),B:6.4(0.01%),P:1e-7	Tpos:269.6,Tstd:29.3,Bpos:238.4,Bstd:23.7,StrandBias:0.6,Multiplicity:1.00
0.001	0.997	0.001	0.001
0.001	0.001	0.001	0.997
0.001	0.001	0.001	0.997
0.001	0.001	0.001	0.997
0.997	0.001	0.001	0.001
0.001	0.001	0.001	0.997
0.842	0.001	0.156	0.001
0.814	0.184	0.001	0.001
0.814	0.001	0.184	0.001
0.001	0.001	0.997	0.001
0.001	0.129	0.157	0.713
0.001	0.997	0.001	0.001
>GTGGACGACTCC	21-GTGGACGACTCC	13.819820	-16.250088	0	T:6.0(1.24%),B:16.6(0.04%),P:1e-7	Tpos:189.3,Tstd:110.2,Bpos:196.3,Bstd:142.8,StrandBias:2.3,Multiplicity:1.00
0.001	0.001	0.997	0.001
0.001	0.001	0.159	0.839
0.001	0.001	0.997	0.001
0.001	0.001	0.997	0.001
0.543	0.209	0.247	0.001
0.001	0.997	0.001	0.001
0.001	0.001	0.997	0.001
0.997	0.001	0.001	0.001
0.001	0.863	0.135	0.001
0.001	0.001	0.001	0.997
0.001	0.997	0.001	0.001
0.001	0.997	0.001	0.001
>CAACTTCGGCTT	22-CAACTTCGGCTT	10.537376	-16.081399	0	T:11.0(2.28%),B:114.2(0.25%),P:1e-6	Tpos:125.5,Tstd:94.0,Bpos:179.0,Bstd:109.0,StrandBias:0.3,Multiplicity:1.00
0.001	0.997	0.001	0.001
0.997	0.001	0.001	0.001
0.997	0.001	0.001	0.001
0.047	0.951	0.001	0.001
0.187	0.135	0.236	0.442
0.001	0.045	0.187	0.767
0.221	0.511	0.047	0.221
0.002	0.001	0.977	0.020
0.135	0.187	0.677	0.001
0.001	0.997	0.001	0.001
0.001	0.186	0.001	0.812
0.002	0.001	0.023	0.974
>ATTATTTTATAC	23-ATTATTTTATAC	10.003583	-15.467682	0	T:14.0(2.90%),B:215.2(0.48%),P:1e-6	Tpos:136.5,Tstd:85.4,Bpos:129.3,Bstd:94.4,StrandBias:1.4,Multiplicity:1.21
0.731	0.184	0.001	0.084
0.001	0.001	0.001	0.997
0.085	0.085	0.085	0.745
0.997	0.001	0.001	0.001
0.001	0.084	0.100	0.815
0.001	0.001	0.001	0.997
0.001	0.099	0.001	0.899
0.001	0.001	0.099	0.899
0.811	0.084	0.001	0.104
0.001	0.169	0.001	0.829
0.730	0.001	0.100	0.169
0.239	0.576	0.001	0.184
>GGGGGCAGGCCA	24-GGGGGCAGGCCA	13.135827	-14.169807	0	T:8.0(1.66%),B:61.5(0.14%),P:1e-6	Tpos:173.4,Tstd:53.2,Bpos:186.9,Bstd:134.4,StrandBias:-0.3,Multiplicity:1.38
0.001	0.001	0.997	0.001
0.001	0.001	0.875	0.123
0.067	0.001	0.931	0.001
0.162	0.001	0.836	0.001
0.001	0.048	0.950	0.001
0.001	0.860	0.138	0.001
0.948	0.001	0.050	0.001
0.001	0.001	0.997	0.001
0.001	0.001	0.997	0.001
0.001	0.909	0.001	0.089
0.001	0.997	0.001	0.001
0.886	0.049	0.001	0.064
>GCACTTCATAGA	25-GCACTTCATAGA	12.355432	-4.549268	0	T:1.0(0.21%),B:0.0(0.00%),P:1e-1	Tpos:209.7,Tstd:66.8,Bpos:0.0,Bstd:0.0,StrandBias:10.0,Multiplicity:6.00
0.100	0.100	0.700	0.100
0.100	0.700	0.100	0.100
0.700	0.100	0.100	0.100
0.100	0.700	0.100	0.100
0.100	0.100	0.100	0.700
0.100	0.100	0.100	0.700
0.100	0.700	0.100	0.100
0.700	0.100	0.100	0.100
0.100	0.100	0.100	0.700
0.700	0.100	0.100	0.100
0.100	0.100	0.700	0.100
0.700	0.100	0.100	0.100
>TTTATAAC	1-TTTATAAC	7.010564	-15.585470	0	T:60.0(12.42%),B:2734.0(6.05%),P:1e-6	Tpos:166.0,Tstd:99.0,Bpos:160.3,Bstd:104.5,StrandBias:0.1,Multiplicity:1.17
0.022	0.001	0.001	0.976
0.127	0.090	0.001	0.782
0.001	0.001	0.033	0.965
0.997	0.001	0.001	0.001
0.079	0.064	0.001	0.856
0.948	0.001	0.050	0.001
0.708	0.173	0.082	0.037
0.125	0.760	0.033	0.082
>AGCTGGGG	2-AGCTGGGG	9.024998	-14.426082	0	T:99.0(20.50%),B:5636.8(12.47%),P:1e-6	Tpos:194.2,Tstd:96.7,Bpos:180.4,Bstd:117.3,StrandBias:0.1,Multiplicity:1.18
0.997	0.001	0.001	0.001
0.001	0.001	0.997	0.001
0.001	0.997	0.001	0.001
0.001	0.137	0.001	0.861
0.052	0.001	0.946	0.001
0.001	0.001	0.997	0.001
0.001	0.001	0.997	0.001
0.229	0.158	0.612	0.001
>TCCCCSCA	3-TCCCCSCA	7.067619	-14.271828	0	T:77.0(15.94%),B:4032.3(8.92%),P:1e-6	Tpos:165.3,Tstd:88.7,Bpos:170.0,Bstd:106.6,StrandBias:0.2,Multiplicity:1.24
0.416	0.001	0.001	0.582
0.001	0.922	0.076	0.001
0.007	0.973	0.001	0.019
0.001	0.966	0.014	0.019
0.001	0.997	0.001	0.001
0.001	0.440	0.558	0.001
0.014	0.921	0.001	0.064
0.997	0.001	0.001	0.001
>TCAAATTT	4-TCAAATTT	5.334014	-10.498893	0	T:123.0(25.47%),B:8117.1(17.96%),P:1e-4	Tpos:147.1,Tstd:89.4,Bpos:146.5,Bstd:93.4,StrandBias:0.1,Multiplicity:1.37
0.127	0.087	0.072	0.714
0.051	0.678	0.131	0.140
0.854	0.042	0.038	0.066
0.770	0.126	0.103	0.001
0.758	0.125	0.075	0.042
0.059	0.109	0.147	0.685
0.112	0.059	0.083	0.746
0.083	0.046	0.066	0.805
>TCATAGAC	5-TCATAGAC	8.236954	-3.545894	0	T:4.0(0.83%),B:105.4(0.23%),P:1e-1	Tpos:182.3,Tstd:79.8,Bpos:176.3,Bstd:100.0,StrandBias:1.0,Multiplicity:2.25
0.100	0.100	0.100	0.700
0.100	0.700	0.100	0.100
0.700	0.100	0.100	0.100
0.100	0.100	0.100	0.700
0.700	0.100	0.100	0.100
0.100	0.100	0.700	0.100
0.700	0.100	0.100	0.100
0.100	0.700	0.100	0.100
