>AGSCTCYTBD	1-AGSCTCYTBD	6.640383	-30.277737	0	T:84.0(17.28%),B:3208.6(7.10%),P:1e-13	Tpos:174.9,Tstd:100.4,Bpos:175.3,Bstd:105.7,StrandBias:0.3,Multiplicity:1.05
0.648	0.330	0.011	0.011
0.300	0.027	0.649	0.024
0.026	0.400	0.394	0.180
0.019	0.581	0.368	0.032
0.017	0.334	0.011	0.638
0.019	0.634	0.013	0.334
0.010	0.510	0.001	0.479
0.026	0.218	0.035	0.721
0.160	0.241	0.236	0.362
0.352	0.145	0.290	0.214
>TAATCAGACA	2-TAATCAGACA	9.908650	-24.590707	0	T:16.0(3.29%),B:144.9(0.32%),P:1e-10	Tpos:151.2,Tstd:88.1,Bpos:168.9,Bstd:96.6,StrandBias:-1.1,Multiplicity:1.00
0.262	0.001	0.057	0.680
0.997	0.001	0.001	0.001
0.909	0.001	0.001	0.089
0.001	0.001	0.053	0.945
0.001	0.951	0.047	0.001
0.844	0.154	0.001	0.001
0.084	0.001	0.914	0.001
0.843	0.067	0.001	0.089
0.046	0.952	0.001	0.001
0.997	0.001	0.001	0.001
>CGGGGGGTGG	3-CGGGGGGTGG	9.827515	-22.824525	0	T:75.0(15.43%),B:3136.0(6.94%),P:1e-9	Tpos:203.5,Tstd:97.0,Bpos:191.8,Bstd:105.4,StrandBias:-0.1,Multiplicity:1.07
0.001	0.934	0.064	0.001
0.008	0.001	0.655	0.336
0.001	0.001	0.997	0.001
0.001	0.001	0.997	0.001
0.001	0.001	0.718	0.280
0.241	0.001	0.757	0.001
0.001	0.076	0.922	0.001
0.001	0.087	0.204	0.708
0.001	0.001	0.997	0.001
0.001	0.001	0.997	0.001
>ATTCTTCCAA	4-ATTCTTCCAA	7.981390	-20.514576	0	T:22.0(4.53%),B:397.7(0.88%),P:1e-8	Tpos:139.7,Tstd:93.1,Bpos:152.2,Bstd:98.2,StrandBias:1.5,Multiplicity:1.05
0.546	0.246	0.006	0.202
0.040	0.040	0.048	0.872
0.067	0.045	0.083	0.805
0.124	0.594	0.034	0.248
0.039	0.203	0.224	0.534
0.231	0.051	0.035	0.683
0.049	0.665	0.036	0.250
0.293	0.526	0.018	0.163
0.705	0.191	0.026	0.078
0.543	0.040	0.229	0.188
>GGTCTAAGAG	5-GGTCTAAGAG	9.609832	-18.133375	0	T:17.0(3.50%),B:266.5(0.59%),P:1e-7	Tpos:147.5,Tstd:98.3,Bpos:192.6,Bstd:108.5,StrandBias:0.5,Multiplicity:1.00
0.001	0.001	0.997	0.001
0.074	0.077	0.770	0.079
0.001	0.001	0.126	0.872
0.065	0.837	0.097	0.001
0.001	0.037	0.001	0.961
0.850	0.034	0.115	0.001
0.877	0.001	0.046	0.076
0.001	0.107	0.891	0.001
0.997	0.001	0.001	0.001
0.001	0.001	0.997	0.001
>CACGTGCGAC	6-CACGTGCGAC	10.316219	-17.938029	0	T:5.0(1.03%),B:4.8(0.01%),P:1e-7	Tpos:172.2,Tstd:79.0,Bpos:188.8,Bstd:79.0,StrandBias:-0.6,Multiplicity:1.00
0.001	0.997	0.001	0.001
0.997	0.001	0.001	0.001
0.001	0.997	0.001	0.001
0.001	0.001	0.793	0.205
0.001	0.001	0.001	0.997
0.144	0.001	0.854	0.001
0.001	0.997	0.001	0.001
0.001	0.001	0.997	0.001
0.997	0.001	0.001	0.001
0.001	0.997	0.001	0.001
>CGCACCCCAG	7-CGCACCCCAG	9.574171	-16.774860	0	T:32.0(6.58%),B:972.9(2.15%),P:1e-7	Tpos:137.6,Tstd:94.1,Bpos:164.6,Bstd:112.9,StrandBias:0.5,Multiplicity:1.10
0.042	0.933	0.024	0.001
0.079	0.001	0.887	0.033
0.070	0.888	0.041	0.001
0.832	0.001	0.001	0.166
0.001	0.973	0.001	0.025
0.061	0.899	0.039	0.001
0.075	0.876	0.001	0.048
0.108	0.890	0.001	0.001
0.937	0.024	0.001	0.038
0.001	0.001	0.944	0.054
>GAGTGGGGTT	8-GAGTGGGGTT	9.357849	-16.270314	0	T:26.0(5.35%),B:693.9(1.53%),P:1e-7	Tpos:157.0,Tstd:101.8,Bpos:162.9,Bstd:109.3,StrandBias:0.2,Multiplicity:1.00
0.001	0.001	0.997	0.001
0.968	0.001	0.030	0.001
0.001	0.034	0.964	0.001
0.023	0.032	0.090	0.855
0.001	0.060	0.938	0.001
0.115	0.088	0.734	0.063
0.027	0.123	0.849	0.001
0.047	0.039	0.872	0.042
0.001	0.049	0.010	0.940
0.042	0.029	0.029	0.900
>GAGAGGGACA	9-GAGAGGGACA	7.144953	-16.269330	0	T:127.0(26.13%),B:7507.0(16.60%),P:1e-7	Tpos:182.3,Tstd:98.7,Bpos:174.9,Bstd:111.5,StrandBias:-0.3,Multiplicity:1.17
0.094	0.103	0.790	0.013
0.936	0.016	0.034	0.014
0.090	0.125	0.708	0.077
0.763	0.126	0.050	0.061
0.056	0.087	0.818	0.039
0.077	0.015	0.851	0.057
0.092	0.095	0.812	0.001
0.758	0.063	0.080	0.099
0.122	0.798	0.078	0.002
0.783	0.060	0.127	0.030
>CAGGAGTAGT	10-CAGGAGTAGT	9.158266	-14.757783	0	T:18.0(3.70%),B:383.0(0.85%),P:1e-6	Tpos:152.2,Tstd:108.5,Bpos:165.9,Bstd:111.3,StrandBias:-0.3,Multiplicity:1.00
0.001	0.997	0.001	0.001
0.912	0.001	0.001	0.086
0.001	0.001	0.997	0.001
0.063	0.104	0.832	0.001
0.831	0.001	0.043	0.125
0.001	0.001	0.997	0.001
0.001	0.024	0.015	0.960
0.827	0.073	0.048	0.052
0.001	0.098	0.900	0.001
0.078	0.049	0.062	0.811
>GCCCGCACCC	11-GCCCGCACCC	9.199938	-14.466285	0	T:53.0(10.91%),B:2352.1(5.20%),P:1e-6	Tpos:213.4,Tstd:99.6,Bpos:189.7,Bstd:102.0,StrandBias:-0.3,Multiplicity:1.09
0.001	0.001	0.926	0.072
0.046	0.940	0.013	0.001
0.039	0.953	0.007	0.001
0.012	0.892	0.090	0.006
0.021	0.001	0.925	0.053
0.057	0.885	0.001	0.057
0.763	0.144	0.032	0.061
0.001	0.911	0.049	0.039
0.045	0.934	0.020	0.001
0.001	0.868	0.024	0.107
>TAATTMAGCA	12-TAATTMAGCA	7.415657	-11.918991	0	T:37.0(7.61%),B:1530.3(3.38%),P:1e-5	Tpos:171.5,Tstd:98.5,Bpos:149.9,Bstd:99.5,StrandBias:0.2,Multiplicity:1.22
0.001	0.001	0.079	0.919
0.658	0.222	0.001	0.119
0.893	0.105	0.001	0.001
0.001	0.084	0.131	0.784
0.146	0.229	0.042	0.583
0.475	0.349	0.001	0.175
0.865	0.001	0.001	0.133
0.001	0.108	0.718	0.173
0.247	0.668	0.001	0.084
0.768	0.001	0.030	0.201
>ATACCTMGCA	13-ATACCTMGCA	8.787082	-10.386113	0	T:11.0(2.26%),B:212.9(0.47%),P:1e-4	Tpos:171.5,Tstd:95.6,Bpos:128.0,Bstd:87.1,StrandBias:2.0,Multiplicity:1.36
0.892	0.106	0.001	0.001
0.001	0.001	0.001	0.997
0.997	0.001	0.001	0.001
0.082	0.729	0.120	0.069
0.001	0.755	0.001	0.243
0.161	0.126	0.001	0.712
0.463	0.379	0.001	0.157
0.001	0.001	0.821	0.177
0.001	0.706	0.073	0.220
0.997	0.001	0.001	0.001
>ATAGACTCCT	14-ATAGACTCCT	10.296193	-6.808155	0	T:2.0(0.41%),B:3.1(0.01%),P:1e-2	Tpos:173.7,Tstd:70.9,Bpos:77.0,Bstd:61.5,StrandBias:2.3,Multiplicity:3.00
0.700	0.100	0.100	0.100
0.100	0.100	0.100	0.700
0.700	0.100	0.100	0.100
0.100	0.100	0.700	0.100
0.700	0.100	0.100	0.100
0.100	0.700	0.100	0.100
0.100	0.100	0.100	0.700
0.100	0.700	0.100	0.100
0.100	0.700	0.100	0.100
0.100	0.100	0.100	0.700
