>CTCYGGCCACTT	1-CTCYGGCCACTT	11.252463	-29.853229	0	T:18.0(3.70%),B:139.4(0.31%),P:1e-12	Tpos:188.7,Tstd:113.9,Bpos:182.2,Bstd:114.2,StrandBias:-0.3,Multiplicity:1.00
0.001	0.997	0.001	0.001
0.001	0.072	0.001	0.926
0.001	0.841	0.157	0.001
0.001	0.438	0.003	0.558
0.001	0.148	0.850	0.001
0.062	0.001	0.935	0.002
0.309	0.638	0.052	0.001
0.216	0.782	0.001	0.001
0.651	0.188	0.159	0.002
0.001	0.997	0.001	0.001
0.080	0.001	0.001	0.918
0.105	0.073	0.144	0.678
>AGCAGCCAGGGA	2-AGCAGCCAGGGA	10.168889	-28.811446	0	T:37.0(7.61%),B:788.3(1.74%),P:1e-12	Tpos:166.7,Tstd:96.4,Bpos:175.8,Bstd:117.3,StrandBias:0.5,Multiplicity:1.03
0.805	0.046	0.044	0.105
0.001	0.088	0.910	0.001
0.001	0.956	0.042	0.001
0.944	0.054	0.001	0.001
0.160	0.001	0.713	0.126
0.001	0.687	0.207	0.105
0.001	0.877	0.017	0.105
0.527	0.001	0.228	0.244
0.067	0.001	0.931	0.001
0.076	0.080	0.843	0.001
0.001	0.164	0.834	0.001
0.950	0.048	0.001	0.001
>GGGGTGGTGAGC	3-GGGGTGGTGAGC	11.354727	-24.344490	0	T:15.0(3.09%),B:123.8(0.27%),P:1e-10	Tpos:216.9,Tstd:113.4,Bpos:176.6,Bstd:107.9,StrandBias:1.1,Multiplicity:1.07
0.001	0.001	0.997	0.001
0.079	0.130	0.790	0.001
0.001	0.001	0.997	0.001
0.001	0.001	0.997	0.001
0.001	0.001	0.079	0.919
0.079	0.001	0.919	0.001
0.001	0.090	0.908	0.001
0.084	0.001	0.001	0.914
0.001	0.001	0.997	0.001
0.818	0.063	0.061	0.058
0.020	0.084	0.895	0.001
0.099	0.840	0.060	0.001
>ATAGCAGAGGTC	4-ATAGCAGAGGTC	12.045519	-23.048248	0	T:8.0(1.65%),B:16.5(0.04%),P:1e-10	Tpos:124.6,Tstd:107.8,Bpos:146.2,Bstd:80.3,StrandBias:1.6,Multiplicity:1.00
0.997	0.001	0.001	0.001
0.269	0.101	0.001	0.629
0.994	0.001	0.004	0.001
0.001	0.001	0.997	0.001
0.001	0.736	0.104	0.159
0.693	0.171	0.001	0.135
0.121	0.159	0.719	0.001
0.997	0.001	0.001	0.001
0.001	0.158	0.840	0.001
0.001	0.001	0.997	0.001
0.158	0.001	0.001	0.840
0.121	0.584	0.294	0.001
>CAAGGCACAGAT	5-CAAGGCACAGAT	14.154177	-21.982107	0	T:6.0(1.23%),B:4.6(0.01%),P:1e-9	Tpos:152.5,Tstd:39.1,Bpos:180.8,Bstd:101.3,StrandBias:1.0,Multiplicity:1.00
0.001	0.779	0.219	0.001
0.812	0.001	0.186	0.001
0.997	0.001	0.001	0.001
0.186	0.220	0.593	0.001
0.001	0.001	0.997	0.001
0.001	0.997	0.001	0.001
0.997	0.001	0.001	0.001
0.001	0.997	0.001	0.001
0.997	0.001	0.001	0.001
0.001	0.001	0.997	0.001
0.997	0.001	0.001	0.001
0.001	0.001	0.001	0.997
>TCTTCAWGGCTC	6-TCTTCAWGGCTC	12.451837	-20.462475	0	T:8.0(1.65%),B:24.3(0.05%),P:1e-8	Tpos:173.8,Tstd:60.7,Bpos:169.2,Bstd:67.1,StrandBias:0.7,Multiplicity:1.00
0.001	0.001	0.001	0.997
0.001	0.767	0.231	0.001
0.001	0.356	0.001	0.642
0.001	0.185	0.001	0.813
0.001	0.997	0.001	0.001
0.874	0.001	0.001	0.124
0.570	0.001	0.001	0.428
0.001	0.001	0.986	0.012
0.300	0.001	0.698	0.001
0.001	0.801	0.009	0.189
0.012	0.001	0.001	0.986
0.001	0.997	0.001	0.001
>CCAGCCCCTGGC	7-CCAGCCCCTGGC	9.628876	-19.947805	0	T:70.0(14.40%),B:3026.4(6.69%),P:1e-8	Tpos:188.0,Tstd:97.5,Bpos:185.7,Bstd:111.3,StrandBias:0.5,Multiplicity:1.10
0.074	0.777	0.111	0.038
0.040	0.859	0.024	0.077
0.828	0.069	0.051	0.052
0.021	0.058	0.875	0.046
0.001	0.842	0.084	0.073
0.001	0.925	0.066	0.008
0.001	0.890	0.087	0.022
0.007	0.798	0.085	0.110
0.093	0.082	0.137	0.688
0.060	0.022	0.835	0.083
0.049	0.020	0.835	0.096
0.050	0.855	0.079	0.016
>AGYSTTTCSASC	8-AGYSTTTCSASC	13.730900	-19.712179	0	T:5.0(1.03%),B:2.9(0.01%),P:1e-8	Tpos:172.4,Tstd:80.3,Bpos:122.8,Bstd:94.1,StrandBias:10.0,Multiplicity:1.00
0.997	0.001	0.001	0.001
0.001	0.001	0.997	0.001
0.001	0.549	0.001	0.449
0.001	0.467	0.531	0.001
0.001	0.001	0.001	0.997
0.081	0.001	0.001	0.917
0.001	0.001	0.001	0.997
0.001	0.997	0.001	0.001
0.001	0.466	0.532	0.001
0.997	0.001	0.001	0.001
0.001	0.549	0.449	0.001
0.001	0.997	0.001	0.001
>TGCTCGCGCTGC	9-TGCTCGCGCTGC	11.156778	-19.682277	0	T:18.0(3.70%),B:271.5(0.60%),P:1e-8	Tpos:234.9,Tstd:88.5,Bpos:200.7,Bstd:114.3,StrandBias:-0.9,Multiplicity:1.11
0.001	0.198	0.001	0.800
0.104	0.251	0.644	0.001
0.001	0.931	0.001	0.067
0.094	0.044	0.147	0.715
0.001	0.997	0.001	0.001
0.001	0.068	0.930	0.001
0.001	0.807	0.088	0.104
0.001	0.050	0.730	0.219
0.001	0.997	0.001	0.001
0.001	0.001	0.001	0.997
0.001	0.228	0.770	0.001
0.001	0.890	0.108	0.001
>RGSACACTGTCC	10-RGSACACTGTCC	11.944576	-19.357989	0	T:6.0(1.23%),B:8.7(0.02%),P:1e-8	Tpos:151.0,Tstd:92.7,Bpos:215.7,Bstd:67.9,StrandBias:0.0,Multiplicity:1.00
0.477	0.001	0.521	0.001
0.001	0.001	0.997	0.001
0.001	0.442	0.556	0.001
0.997	0.001	0.001	0.001
0.035	0.963	0.001	0.001
0.997	0.001	0.001	0.001
0.001	0.960	0.038	0.001
0.001	0.001	0.001	0.997
0.001	0.001	0.997	0.001
0.035	0.001	0.001	0.963
0.001	0.997	0.001	0.001
0.001	0.997	0.001	0.001
>TATTCCGGCCCC	11-TATTCCGGCCCC	13.610778	-19.251055	0	T:7.0(1.44%),B:17.8(0.04%),P:1e-8	Tpos:200.3,Tstd:96.6,Bpos:189.1,Bstd:102.2,StrandBias:-0.4,Multiplicity:1.00
0.001	0.145	0.001	0.853
0.887	0.111	0.001	0.001
0.001	0.001	0.145	0.853
0.001	0.001	0.001	0.997
0.001	0.827	0.171	0.001
0.001	0.997	0.001	0.001
0.001	0.001	0.997	0.001
0.001	0.001	0.997	0.001
0.001	0.868	0.001	0.130
0.145	0.853	0.001	0.001
0.001	0.997	0.001	0.001
0.001	0.997	0.001	0.001
>CGCGCCAACCAG	12-CGCGCCAACCAG	13.680993	-19.251055	0	T:7.0(1.44%),B:17.7(0.04%),P:1e-8	Tpos:258.7,Tstd:91.4,Bpos:232.1,Bstd:91.5,StrandBias:-0.4,Multiplicity:1.00
0.001	0.997	0.001	0.001
0.001	0.001	0.997	0.001
0.001	0.997	0.001	0.001
0.001	0.001	0.880	0.118
0.001	0.854	0.144	0.001
0.001	0.854	0.144	0.001
0.997	0.001	0.001	0.001
0.997	0.001	0.001	0.001
0.001	0.724	0.104	0.171
0.001	0.997	0.001	0.001
0.854	0.144	0.001	0.001
0.001	0.001	0.997	0.001
>AGCTGGGAGTGG	13-AGCTGGGAGTGG	10.022467	-19.167635	0	T:44.0(9.05%),B:1503.8(3.33%),P:1e-8	Tpos:196.5,Tstd:95.1,Bpos:185.5,Bstd:109.3,StrandBias:0.1,Multiplicity:1.02
0.642	0.038	0.120	0.200
0.001	0.053	0.864	0.082
0.020	0.930	0.049	0.001
0.093	0.073	0.033	0.801
0.040	0.001	0.915	0.044
0.040	0.001	0.907	0.052
0.061	0.010	0.928	0.001
0.823	0.013	0.058	0.106
0.028	0.133	0.742	0.097
0.116	0.060	0.131	0.693
0.073	0.001	0.915	0.011
0.028	0.062	0.849	0.061
>CCCAACTGAGGG	14-CCCAACTGAGGG	13.401195	-18.931745	0	T:7.0(1.44%),B:18.8(0.04%),P:1e-8	Tpos:166.6,Tstd:91.5,Bpos:191.2,Bstd:137.3,StrandBias:-0.4,Multiplicity:1.00
0.001	0.806	0.192	0.001
0.001	0.997	0.001	0.001
0.001	0.997	0.001	0.001
0.806	0.192	0.001	0.001
0.906	0.001	0.092	0.001
0.001	0.835	0.163	0.001
0.001	0.001	0.001	0.997
0.001	0.001	0.997	0.001
0.997	0.001	0.001	0.001
0.001	0.001	0.997	0.001
0.001	0.001	0.806	0.192
0.001	0.001	0.997	0.001
>TCCAGCAGGAGT	15-TCCAGCAGGAGT	15.499861	-18.187174	0	T:4.0(0.82%),B:0.7(0.00%),P:1e-7	Tpos:50.2,Tstd:24.8,Bpos:287.0,Bstd:0.0,StrandBias:-1.6,Multiplicity:1.00
0.001	0.001	0.001	0.997
0.001	0.997	0.001	0.001
0.001	0.997	0.001	0.001
0.997	0.001	0.001	0.001
0.001	0.332	0.666	0.001
0.001	0.997	0.001	0.001
0.997	0.001	0.001	0.001
0.001	0.001	0.997	0.001
0.001	0.001	0.997	0.001
0.997	0.001	0.001	0.001
0.001	0.001	0.997	0.001
0.001	0.001	0.001	0.997
>TGCAGGCGCGCG	16-TGCAGGCGCGCG	14.500025	-17.202029	0	T:6.0(1.23%),B:13.9(0.03%),P:1e-7	Tpos:161.1,Tstd:81.8,Bpos:192.5,Bstd:102.2,StrandBias:1.3,Multiplicity:1.17
0.001	0.001	0.001	0.997
0.001	0.001	0.997	0.001
0.001	0.997	0.001	0.001
0.880	0.001	0.001	0.118
0.001	0.001	0.997	0.001
0.001	0.001	0.997	0.001
0.001	0.793	0.001	0.205
0.001	0.001	0.997	0.001
0.001	0.997	0.001	0.001
0.001	0.001	0.997	0.001
0.001	0.997	0.001	0.001
0.001	0.174	0.824	0.001
>CTTTATAAAGTC	17-CTTTATAAAGTC	14.003732	-16.656347	0	T:5.0(1.03%),B:6.3(0.01%),P:1e-7	Tpos:269.6,Tstd:29.3,Bpos:238.4,Bstd:23.8,StrandBias:0.6,Multiplicity:1.00
0.001	0.997	0.001	0.001
0.001	0.001	0.001	0.997
0.001	0.001	0.001	0.997
0.001	0.001	0.001	0.997
0.997	0.001	0.001	0.001
0.001	0.001	0.001	0.997
0.842	0.001	0.156	0.001
0.814	0.184	0.001	0.001
0.814	0.001	0.184	0.001
0.001	0.001	0.997	0.001
0.001	0.129	0.157	0.713
0.001	0.997	0.001	0.001
>TTTCCACCTTCT	18-TTTCCACCTTCT	11.059012	-16.233862	0	T:14.0(2.88%),B:200.9(0.44%),P:1e-7	Tpos:134.0,Tstd:91.6,Bpos:179.0,Bstd:112.4,StrandBias:-0.4,Multiplicity:1.00
0.001	0.001	0.001	0.997
0.103	0.151	0.001	0.745
0.121	0.001	0.001	0.877
0.215	0.558	0.001	0.226
0.092	0.906	0.001	0.001
0.997	0.001	0.001	0.001
0.001	0.704	0.192	0.103
0.001	0.997	0.001	0.001
0.001	0.001	0.121	0.877
0.001	0.306	0.001	0.692
0.001	0.773	0.001	0.225
0.103	0.001	0.001	0.895
>GTGGACGACTCC	19-GTGGACGACTCC	13.819820	-16.217494	0	T:6.0(1.23%),B:16.8(0.04%),P:1e-7	Tpos:189.3,Tstd:110.2,Bpos:194.5,Bstd:143.0,StrandBias:2.3,Multiplicity:1.00
0.001	0.001	0.997	0.001
0.001	0.001	0.159	0.839
0.001	0.001	0.997	0.001
0.001	0.001	0.997	0.001
0.543	0.209	0.247	0.001
0.001	0.997	0.001	0.001
0.001	0.001	0.997	0.001
0.997	0.001	0.001	0.001
0.001	0.863	0.135	0.001
0.001	0.001	0.001	0.997
0.001	0.997	0.001	0.001
0.001	0.997	0.001	0.001
>CAACTTCGGCTT	20-CAACTTCGGCTT	10.538852	-16.025964	0	T:11.0(2.26%),B:114.0(0.25%),P:1e-6	Tpos:125.5,Tstd:94.0,Bpos:178.6,Bstd:109.2,StrandBias:0.3,Multiplicity:1.00
0.001	0.997	0.001	0.001
0.997	0.001	0.001	0.001
0.997	0.001	0.001	0.001
0.047	0.951	0.001	0.001
0.187	0.135	0.236	0.442
0.001	0.045	0.187	0.767
0.221	0.511	0.047	0.221
0.002	0.001	0.977	0.020
0.134	0.187	0.678	0.001
0.001	0.997	0.001	0.001
0.001	0.186	0.001	0.812
0.002	0.001	0.023	0.974
>TGGGCCCAGCGC	21-TGGGCCCAGCGC	10.439999	-15.926420	0	T:30.0(6.17%),B:906.7(2.01%),P:1e-6	Tpos:199.0,Tstd:84.8,Bpos:199.9,Bstd:103.3,StrandBias:-0.2,Multiplicity:1.03
0.001	0.109	0.121	0.769
0.001	0.001	0.997	0.001
0.001	0.001	0.856	0.142
0.001	0.029	0.969	0.001
0.001	0.969	0.029	0.001
0.125	0.637	0.076	0.162
0.001	0.893	0.105	0.001
0.794	0.048	0.157	0.001
0.078	0.001	0.920	0.001
0.115	0.743	0.026	0.116
0.138	0.178	0.543	0.141
0.001	0.997	0.001	0.001
>GGGGGCAGGCCA	22-GGGGGCAGGCCA	13.135092	-14.128360	0	T:8.0(1.65%),B:61.4(0.14%),P:1e-6	Tpos:173.4,Tstd:53.2,Bpos:186.7,Bstd:133.8,StrandBias:-0.3,Multiplicity:1.38
0.001	0.001	0.997	0.001
0.001	0.001	0.874	0.124
0.068	0.001	0.930	0.001
0.163	0.001	0.835	0.001
0.001	0.049	0.949	0.001
0.001	0.860	0.138	0.001
0.948	0.001	0.050	0.001
0.001	0.001	0.997	0.001
0.001	0.001	0.997	0.001
0.001	0.909	0.001	0.089
0.001	0.997	0.001	0.001
0.886	0.049	0.001	0.064
>AGCARAGDAACT	23-AGCARAGDAACT	9.174233	-13.710476	0	T:24.0(4.94%),B:695.1(1.54%),P:1e-5	Tpos:165.6,Tstd:107.9,Bpos:171.5,Bstd:98.1,StrandBias:0.6,Multiplicity:1.04
0.743	0.001	0.255	0.001
0.001	0.001	0.694	0.304
0.001	0.564	0.200	0.235
0.997	0.001	0.001	0.001
0.383	0.219	0.397	0.001
0.492	0.066	0.110	0.332
0.135	0.168	0.696	0.001
0.431	0.001	0.283	0.285
0.608	0.390	0.001	0.001
0.997	0.001	0.001	0.001
0.241	0.498	0.001	0.260
0.001	0.001	0.001	0.997
>ATTATTTTATAA	24-ATTATTTTATAA	13.498725	-12.709950	0	T:5.0(1.03%),B:17.1(0.04%),P:1e-5	Tpos:162.1,Tstd:55.1,Bpos:116.8,Bstd:57.6,StrandBias:1.8,Multiplicity:1.60
0.997	0.001	0.001	0.001
0.001	0.001	0.001	0.997
0.194	0.194	0.001	0.611
0.997	0.001	0.001	0.001
0.001	0.001	0.001	0.997
0.001	0.001	0.001	0.997
0.001	0.001	0.001	0.997
0.001	0.001	0.001	0.997
0.825	0.001	0.001	0.173
0.001	0.387	0.001	0.611
0.997	0.001	0.001	0.001
0.547	0.224	0.001	0.228
>GCACTTCATAGA	25-GCACTTCATAGA	12.355432	-4.543732	0	T:1.0(0.21%),B:0.0(0.00%),P:1e-1	Tpos:209.7,Tstd:66.8,Bpos:0.0,Bstd:0.0,StrandBias:10.0,Multiplicity:6.00
0.100	0.100	0.700	0.100
0.100	0.700	0.100	0.100
0.700	0.100	0.100	0.100
0.100	0.700	0.100	0.100
0.100	0.100	0.100	0.700
0.100	0.100	0.100	0.700
0.100	0.700	0.100	0.100
0.700	0.100	0.100	0.100
0.100	0.100	0.100	0.700
0.700	0.100	0.100	0.100
0.100	0.100	0.700	0.100
0.700	0.100	0.100	0.100
