>GAGAGGGACA	1-GAGAGGGACA	6.948404	-27.857000	0	T:109.0(21.25%),B:4728.8(10.42%),P:1e-12	Tpos:180.0,Tstd:104.3,Bpos:174.7,Bstd:113.9,StrandBias:0.2,Multiplicity:1.08
0.057	0.061	0.778	0.104
0.853	0.052	0.044	0.051
0.070	0.085	0.779	0.066
0.822	0.073	0.053	0.052
0.067	0.076	0.765	0.092
0.076	0.089	0.765	0.070
0.078	0.103	0.776	0.043
0.828	0.059	0.029	0.084
0.071	0.864	0.031	0.034
0.775	0.047	0.110	0.068
>AGCCTCCTTA	2-AGCCTCCTTA	9.221243	-24.058489	0	T:28.0(5.46%),B:517.4(1.14%),P:1e-10	Tpos:182.5,Tstd:99.6,Bpos:169.4,Bstd:104.5,StrandBias:0.7,Multiplicity:1.04
0.944	0.054	0.001	0.001
0.107	0.001	0.891	0.001
0.001	0.559	0.075	0.365
0.001	0.736	0.262	0.001
0.001	0.136	0.001	0.862
0.001	0.997	0.001	0.001
0.001	0.801	0.001	0.197
0.001	0.001	0.001	0.997
0.001	0.001	0.143	0.855
0.830	0.064	0.001	0.105
>AAAGTTCTTG	3-AAAGTTCTTG	9.011407	-23.026761	0	T:25.0(4.87%),B:430.2(0.95%),P:1e-10	Tpos:142.4,Tstd:89.7,Bpos:150.8,Bstd:96.4,StrandBias:-1.3,Multiplicity:1.04
0.774	0.001	0.001	0.224
0.997	0.001	0.001	0.001
0.771	0.001	0.227	0.001
0.187	0.062	0.545	0.206
0.001	0.103	0.001	0.895
0.001	0.200	0.001	0.798
0.001	0.838	0.001	0.160
0.188	0.189	0.001	0.622
0.152	0.001	0.220	0.627
0.001	0.070	0.928	0.001
>CTGAAATTTT	4-CTGAAATTTT	8.797626	-21.684797	0	T:37.0(7.21%),B:969.5(2.14%),P:1e-9	Tpos:169.1,Tstd:94.1,Bpos:148.8,Bstd:95.3,StrandBias:-0.1,Multiplicity:1.11
0.188	0.663	0.001	0.148
0.257	0.001	0.001	0.741
0.116	0.164	0.719	0.001
0.871	0.094	0.001	0.034
0.701	0.122	0.001	0.176
0.907	0.091	0.001	0.001
0.001	0.001	0.254	0.744
0.001	0.078	0.001	0.920
0.001	0.001	0.001	0.997
0.001	0.153	0.001	0.845
>CATTCCTTGC	5-CATTCCTTGC	7.715031	-20.969534	0	T:32.0(6.24%),B:767.1(1.69%),P:1e-9	Tpos:187.4,Tstd:79.4,Bpos:181.5,Bstd:105.3,StrandBias:-0.2,Multiplicity:1.00
0.054	0.574	0.150	0.222
0.631	0.183	0.014	0.172
0.021	0.287	0.117	0.575
0.174	0.188	0.039	0.599
0.063	0.815	0.053	0.069
0.308	0.632	0.007	0.053
0.241	0.051	0.043	0.665
0.036	0.226	0.021	0.717
0.069	0.237	0.564	0.130
0.069	0.684	0.035	0.212
>AGCAGGCAGT	6-AGCAGGCAGT	7.728292	-18.173879	0	T:94.0(18.32%),B:4566.5(10.06%),P:1e-7	Tpos:174.0,Tstd:101.5,Bpos:181.2,Bstd:118.4,StrandBias:-0.1,Multiplicity:1.12
0.812	0.001	0.076	0.111
0.064	0.018	0.860	0.058
0.016	0.937	0.046	0.001
0.784	0.036	0.060	0.120
0.085	0.001	0.894	0.020
0.119	0.061	0.819	0.001
0.154	0.707	0.060	0.079
0.867	0.001	0.020	0.112
0.021	0.176	0.709	0.094
0.079	0.132	0.159	0.630
>CATCMCCGGG	7-CATCMCCGGG	8.291992	-18.053586	0	T:61.0(11.89%),B:2458.0(5.42%),P:1e-7	Tpos:197.2,Tstd:93.9,Bpos:176.3,Bstd:108.6,StrandBias:0.8,Multiplicity:1.09
0.291	0.681	0.027	0.001
0.997	0.001	0.001	0.001
0.001	0.001	0.246	0.752
0.001	0.947	0.051	0.001
0.434	0.564	0.001	0.001
0.027	0.907	0.065	0.001
0.001	0.938	0.001	0.060
0.061	0.001	0.937	0.001
0.001	0.001	0.997	0.001
0.001	0.001	0.997	0.001
>CACGTGCGAC	8-CACGTGCGAC	10.339721	-17.689394	0	T:5.0(0.97%),B:5.0(0.01%),P:1e-7	Tpos:172.2,Tstd:79.0,Bpos:189.7,Bstd:79.1,StrandBias:-0.6,Multiplicity:1.00
0.001	0.997	0.001	0.001
0.997	0.001	0.001	0.001
0.001	0.997	0.001	0.001
0.001	0.001	0.791	0.207
0.001	0.001	0.001	0.997
0.146	0.001	0.852	0.001
0.001	0.997	0.001	0.001
0.001	0.001	0.997	0.001
0.997	0.001	0.001	0.001
0.001	0.997	0.001	0.001
>CCCGCTCCCC	9-CCCGCTCCCC	9.172600	-17.519306	0	T:95.0(18.52%),B:4698.7(10.35%),P:1e-7	Tpos:186.4,Tstd:81.2,Bpos:186.8,Bstd:106.4,StrandBias:0.3,Multiplicity:1.20
0.046	0.829	0.012	0.113
0.001	0.902	0.056	0.041
0.023	0.838	0.074	0.065
0.035	0.101	0.743	0.121
0.030	0.968	0.001	0.001
0.001	0.001	0.155	0.843
0.001	0.970	0.015	0.014
0.014	0.969	0.016	0.001
0.029	0.962	0.001	0.008
0.004	0.974	0.021	0.001
>GAATTAGGCA	10-GAATTAGGCA	9.496008	-15.834596	0	T:16.0(3.12%),B:263.6(0.58%),P:1e-6	Tpos:178.2,Tstd:87.8,Bpos:136.2,Bstd:100.3,StrandBias:1.7,Multiplicity:1.06
0.126	0.001	0.633	0.240
0.997	0.001	0.001	0.001
0.664	0.001	0.001	0.334
0.001	0.001	0.001	0.997
0.001	0.001	0.001	0.997
0.860	0.001	0.001	0.138
0.266	0.001	0.732	0.001
0.001	0.001	0.850	0.148
0.001	0.997	0.001	0.001
0.824	0.001	0.174	0.001
>GGTCCCCGCA	11-GGTCCCCGCA	9.255060	-14.742950	0	T:32.0(6.24%),B:1014.4(2.24%),P:1e-6	Tpos:157.6,Tstd:93.2,Bpos:171.8,Bstd:106.9,StrandBias:0.7,Multiplicity:1.06
0.001	0.033	0.870	0.096
0.040	0.001	0.958	0.001
0.033	0.021	0.001	0.945
0.001	0.872	0.059	0.068
0.001	0.953	0.001	0.045
0.001	0.930	0.001	0.068
0.015	0.949	0.035	0.001
0.025	0.097	0.877	0.001
0.067	0.737	0.069	0.127
0.937	0.061	0.001	0.001
>GCCCGCACCC	12-GCCCGCACCC	10.106787	-12.512982	0	T:46.0(8.97%),B:1951.4(4.30%),P:1e-5	Tpos:220.1,Tstd:91.3,Bpos:200.5,Bstd:93.9,StrandBias:-0.1,Multiplicity:1.02
0.001	0.001	0.877	0.121
0.001	0.997	0.001	0.001
0.001	0.997	0.001	0.001
0.001	0.846	0.152	0.001
0.001	0.001	0.913	0.085
0.001	0.997	0.001	0.001
0.656	0.249	0.001	0.094
0.001	0.885	0.049	0.065
0.001	0.997	0.001	0.001
0.001	0.819	0.001	0.179
>ATACCTAGCA	13-ATACCTAGCA	7.511142	-8.371289	0	T:20.0(3.90%),B:704.3(1.55%),P:1e-3	Tpos:155.8,Tstd:92.7,Bpos:148.0,Bstd:100.7,StrandBias:1.1,Multiplicity:1.25
0.795	0.112	0.092	0.001
0.045	0.001	0.001	0.953
0.895	0.052	0.052	0.001
0.049	0.767	0.052	0.132
0.041	0.854	0.001	0.104
0.139	0.080	0.001	0.780
0.571	0.246	0.046	0.137
0.003	0.096	0.791	0.110
0.001	0.788	0.046	0.165
0.835	0.001	0.052	0.112
>ATAGACTCCT	14-ATAGACTCCT	10.296193	-6.709390	0	T:2.0(0.39%),B:3.4(0.01%),P:1e-2	Tpos:173.7,Tstd:70.9,Bpos:76.8,Bstd:63.2,StrandBias:2.3,Multiplicity:3.00
0.700	0.100	0.100	0.100
0.100	0.100	0.100	0.700
0.700	0.100	0.100	0.100
0.100	0.100	0.700	0.100
0.700	0.100	0.100	0.100
0.100	0.700	0.100	0.100
0.100	0.100	0.100	0.700
0.100	0.700	0.100	0.100
0.100	0.700	0.100	0.100
0.100	0.100	0.100	0.700
>GCACGTGTCA	15-GCACGTGTCA	12.069810	-5.702040	0	T:2.0(0.39%),B:6.1(0.01%),P:1e-2	Tpos:121.7,Tstd:54.2,Bpos:207.6,Bstd:64.1,StrandBias:-10.0,Multiplicity:3.00
0.001	0.001	0.997	0.001
0.001	0.997	0.001	0.001
0.997	0.001	0.001	0.001
0.001	0.997	0.001	0.001
0.001	0.001	0.997	0.001
0.001	0.001	0.001	0.997
0.001	0.001	0.997	0.001
0.001	0.001	0.001	0.997
0.001	0.997	0.001	0.001
0.827	0.001	0.171	0.001
