>VTTACGTAAYNNNNN	NFIL3(bZIP)/HepG2-NFIL3-ChIP-Seq(Encode)/Homer	6.413885	-5.726727	0	T:83.0(10.70%),B:3617.1(7.86%),P:1e-2
0.353	0.209	0.350	0.088
0.001	0.001	0.001	0.997
0.001	0.001	0.273	0.725
0.588	0.001	0.305	0.106
0.082	0.520	0.064	0.334
0.372	0.049	0.544	0.035
0.095	0.282	0.001	0.622
0.720	0.278	0.001	0.001
0.997	0.001	0.001	0.001
0.089	0.337	0.197	0.377
0.315	0.282	0.173	0.230
0.251	0.244	0.257	0.248
0.220	0.267	0.244	0.269
0.231	0.241	0.245	0.282
0.270	0.243	0.250	0.237
