>CCAGCCCCTGGC	13-CCAGCCCCTGGC,BestGuess:TFAP2B(var.2)/MA0812.1/Jaspar(0.693)	9.607686	-19.395507	0	T:69.0(14.29%),B:3021.4(6.69%),P:1e-8
0.073	0.779	0.110	0.038
0.039	0.860	0.025	0.076
0.827	0.068	0.055	0.050
0.020	0.057	0.877	0.046
0.001	0.839	0.084	0.076
0.001	0.926	0.065	0.008
0.001	0.891	0.086	0.022
0.007	0.796	0.084	0.113
0.092	0.082	0.137	0.689
0.060	0.023	0.835	0.082
0.049	0.020	0.832	0.099
0.049	0.857	0.079	0.015
