>CCACTCCCAGCT	13-AGCTGGGAGTGG	10.022467	-19.167635	0	T:44.0(9.05%),B:1503.8(3.33%),P:1e-8
0.061	0.849	0.062	0.028
0.011	0.915	0.001	0.073
0.693	0.131	0.060	0.116
0.097	0.742	0.133	0.028
0.106	0.058	0.013	0.823
0.001	0.928	0.010	0.061
0.052	0.907	0.001	0.040
0.044	0.915	0.001	0.040
0.801	0.033	0.073	0.093
0.001	0.049	0.930	0.020
0.082	0.864	0.053	0.001
0.200	0.120	0.038	0.642
