>TCAAAAAGCWGR	19-TCAAAAAGCWGR,BestGuess:MAFF/MA0495.3/Jaspar(0.589)	11.332522	-15.545865	0	T:8.0(1.56%),B:47.5(0.10%),P:1e-6
0.075	0.001	0.030	0.894
0.075	0.641	0.283	0.001
0.821	0.057	0.076	0.046
0.588	0.001	0.410	0.001
0.897	0.038	0.001	0.064
0.555	0.001	0.077	0.367
0.597	0.001	0.338	0.064
0.001	0.054	0.764	0.181
0.076	0.863	0.059	0.002
0.462	0.001	0.001	0.536
0.106	0.055	0.798	0.041
0.434	0.001	0.564	0.001
