>CTCTSGACACTT	6-CTCTSGACACTT,BestGuess:NKX2-3/MA0672.1/Jaspar(0.608)	9.709794	-22.152862	0	T:24.0(4.68%),B:413.2(0.91%),P:1e-9
0.001	0.950	0.048	0.001
0.001	0.069	0.001	0.929
0.041	0.840	0.118	0.001
0.002	0.242	0.184	0.572
0.001	0.405	0.523	0.071
0.081	0.076	0.721	0.122
0.555	0.394	0.050	0.001
0.081	0.850	0.032	0.037
0.587	0.183	0.122	0.108
0.041	0.875	0.043	0.041
0.082	0.001	0.001	0.916
0.100	0.041	0.120	0.739
