>TGGGCCCAGCGC	21-TGGGCCCAGCGC,BestGuess:Plagl1/MA1615.1/Jaspar(0.703)	10.131414	-14.168687	0	T:30.0(5.85%),B:938.7(2.07%),P:1e-6
0.037	0.091	0.086	0.786
0.037	0.013	0.921	0.029
0.013	0.043	0.840	0.104
0.001	0.063	0.911	0.025
0.020	0.892	0.087	0.001
0.099	0.689	0.117	0.095
0.001	0.881	0.081	0.037
0.829	0.048	0.109	0.014
0.064	0.001	0.934	0.001
0.105	0.762	0.065	0.068
0.082	0.135	0.619	0.164
0.001	0.943	0.001	0.055
