>TCCCTGGCTGCT	2-AGCAGCCAGGGA	10.168889	-28.811446	0	T:37.0(7.61%),B:788.3(1.74%),P:1e-12
0.001	0.001	0.048	0.950
0.001	0.834	0.164	0.001
0.001	0.843	0.080	0.076
0.001	0.931	0.001	0.067
0.244	0.228	0.001	0.527
0.105	0.017	0.877	0.001
0.105	0.207	0.687	0.001
0.126	0.713	0.001	0.160
0.001	0.001	0.054	0.944
0.001	0.042	0.956	0.001
0.001	0.910	0.088	0.001
0.105	0.044	0.046	0.805
