>GCCAGGGGCTGG	7-CCAGCCCCTGGC	9.628876	-19.947805	0	T:70.0(14.40%),B:3026.4(6.69%),P:1e-8
0.016	0.079	0.855	0.050
0.096	0.835	0.020	0.049
0.083	0.835	0.022	0.060
0.688	0.137	0.082	0.093
0.110	0.085	0.798	0.007
0.022	0.087	0.890	0.001
0.008	0.066	0.925	0.001
0.073	0.084	0.842	0.001
0.046	0.875	0.058	0.021
0.052	0.051	0.069	0.828
0.077	0.024	0.859	0.040
0.038	0.111	0.777	0.074
