>AGCAGCCAGGGA	1-AGCAGCCAGGGA,BestGuess:ZNF143|STAF(Zf)/CUTLL-ZNF143-ChIP-Seq(GSE29600)/Homer(0.666)	10.145251	-28.906972	0	T:37.0(7.66%),B:790.1(1.75%),P:1e-12
0.807	0.045	0.044	0.104
0.001	0.088	0.910	0.001
0.001	0.957	0.041	0.001
0.944	0.054	0.001	0.001
0.159	0.001	0.708	0.132
0.001	0.689	0.206	0.104
0.001	0.879	0.016	0.104
0.523	0.001	0.234	0.242
0.067	0.001	0.931	0.001
0.075	0.079	0.845	0.001
0.001	0.163	0.835	0.001
0.949	0.049	0.001	0.001
