>GCCAGGGGCTGG	13-CCAGCCCCTGGC	9.607686	-19.395507	0	T:69.0(14.29%),B:3021.4(6.69%),P:1e-8
0.015	0.079	0.857	0.049
0.099	0.832	0.020	0.049
0.082	0.835	0.023	0.060
0.689	0.137	0.082	0.092
0.113	0.084	0.796	0.007
0.022	0.086	0.891	0.001
0.008	0.065	0.926	0.001
0.076	0.084	0.839	0.001
0.046	0.877	0.057	0.020
0.050	0.055	0.068	0.827
0.076	0.025	0.860	0.039
0.038	0.110	0.779	0.073
