>AAGTGTCSAGAG	6-CTCTSGACACTT	9.709794	-22.152862	0	T:24.0(4.68%),B:413.2(0.91%),P:1e-9
0.739	0.120	0.041	0.100
0.916	0.001	0.001	0.082
0.041	0.043	0.875	0.041
0.108	0.122	0.183	0.587
0.037	0.032	0.850	0.081
0.001	0.050	0.394	0.555
0.122	0.721	0.076	0.081
0.071	0.523	0.405	0.001
0.572	0.184	0.242	0.002
0.001	0.118	0.840	0.041
0.929	0.001	0.069	0.001
0.001	0.048	0.950	0.001
