>TCCCTGGCTGCT	1-AGCAGCCAGGGA	10.144019	-29.003030	0	T:37.0(7.68%),B:790.9(1.75%),P:1e-12
0.001	0.001	0.048	0.950
0.001	0.835	0.163	0.001
0.001	0.845	0.079	0.075
0.001	0.931	0.001	0.067
0.242	0.233	0.001	0.524
0.104	0.016	0.879	0.001
0.104	0.206	0.689	0.001
0.132	0.708	0.001	0.159
0.001	0.001	0.054	0.944
0.001	0.042	0.956	0.001
0.001	0.910	0.088	0.001
0.105	0.044	0.045	0.806
