>GGAAACYGAAAC	2-GGAAACYGAAAC	10.426290	-19.716167	0	T:6.0(20.00%),B:172.2(0.41%),P:1e-8
0.117	0.180	0.661	0.042
0.187	0.059	0.753	0.001
0.845	0.001	0.153	0.001
0.877	0.121	0.001	0.001
0.815	0.057	0.064	0.064
0.192	0.622	0.056	0.130
0.088	0.425	0.105	0.382
0.098	0.045	0.856	0.001
0.876	0.053	0.070	0.001
0.935	0.001	0.001	0.063
0.717	0.050	0.169	0.064
0.169	0.622	0.156	0.053
