>GAAACTGCAG	1-GAAACTGCAG	6.809319	-23.559408	0	T:13.0(43.33%),B:1735.1(4.09%),P:1e-10	Tpos:191.3,Tstd:79.0,Bpos:178.4,Bstd:122.1,StrandBias:-0.6,Multiplicity:1.54
0.001	0.001	0.997	0.001
0.997	0.001	0.001	0.001
0.997	0.001	0.001	0.001
0.997	0.001	0.001	0.001
0.026	0.943	0.030	0.001
0.001	0.196	0.001	0.802
0.192	0.001	0.806	0.001
0.259	0.739	0.001	0.001
0.997	0.001	0.001	0.001
0.257	0.001	0.741	0.001
>AACCACCAGC	2-AACCACCAGC	11.209038	-19.139034	0	T:6.0(20.00%),B:191.0(0.45%),P:1e-8	Tpos:157.4,Tstd:80.4,Bpos:188.4,Bstd:110.3,StrandBias:0.4,Multiplicity:1.17
0.997	0.001	0.001	0.001
0.851	0.147	0.001	0.001
0.001	0.997	0.001	0.001
0.171	0.827	0.001	0.001
0.846	0.001	0.001	0.152
0.174	0.824	0.001	0.001
0.001	0.997	0.001	0.001
0.843	0.155	0.001	0.001
0.001	0.001	0.997	0.001
0.001	0.997	0.001	0.001
>TAAGTTAGWG	3-TAAGTTAGWG	10.187269	-15.829633	0	T:4.0(13.33%),B:61.3(0.14%),P:1e-6	Tpos:188.8,Tstd:103.2,Bpos:176.3,Bstd:142.6,StrandBias:10.0,Multiplicity:1.25
0.088	0.001	0.001	0.910
0.997	0.001	0.001	0.001
0.997	0.001	0.001	0.001
0.001	0.001	0.997	0.001
0.001	0.001	0.001	0.997
0.001	0.001	0.001	0.997
0.997	0.001	0.001	0.001
0.001	0.001	0.997	0.001
0.492	0.001	0.001	0.506
0.001	0.001	0.581	0.417
>CTCAAAGGCT	4-CTCAAAGGCT	11.442229	-13.745004	0	T:4.0(13.33%),B:105.7(0.25%),P:1e-5	Tpos:156.2,Tstd:86.2,Bpos:161.4,Bstd:98.3,StrandBias:-10.0,Multiplicity:1.00
0.001	0.997	0.001	0.001
0.001	0.001	0.001	0.997
0.001	0.997	0.001	0.001
0.758	0.001	0.001	0.240
0.843	0.001	0.155	0.001
0.819	0.001	0.179	0.001
0.001	0.001	0.791	0.207
0.001	0.001	0.997	0.001
0.001	0.997	0.001	0.001
0.001	0.001	0.001	0.997
>GTTGGCATGC	5-GTTGGCATGC	10.296193	-12.751543	0	T:2.0(6.67%),B:2.6(0.01%),P:1e-5	Tpos:264.7,Tstd:38.8,Bpos:207.1,Bstd:11.3,StrandBias:10.0,Multiplicity:1.50
0.100	0.100	0.700	0.100
0.100	0.100	0.100	0.700
0.100	0.100	0.100	0.700
0.100	0.100	0.700	0.100
0.100	0.100	0.700	0.100
0.100	0.700	0.100	0.100
0.700	0.100	0.100	0.100
0.100	0.100	0.100	0.700
0.100	0.100	0.700	0.100
0.100	0.700	0.100	0.100
>WAAYACTCAG	6-WAAYACTCAG	9.056634	-11.612053	0	T:5.0(16.67%),B:400.7(0.95%),P:1e-5	Tpos:224.0,Tstd:112.4,Bpos:168.4,Bstd:115.9,StrandBias:-2.3,Multiplicity:1.20
0.503	0.001	0.001	0.495
0.997	0.001	0.001	0.001
0.997	0.001	0.001	0.001
0.070	0.496	0.028	0.406
0.593	0.001	0.405	0.001
0.001	0.997	0.001	0.001
0.001	0.001	0.001	0.997
0.001	0.997	0.001	0.001
0.997	0.001	0.001	0.001
0.001	0.001	0.997	0.001
>TTTCCCTGTC	7-TTTCCCTGTC	8.397220	-9.490071	0	T:8.0(26.67%),B:2082.7(4.91%),P:1e-4	Tpos:158.9,Tstd:86.8,Bpos:162.7,Bstd:114.2,StrandBias:1.8,Multiplicity:1.12
0.193	0.001	0.001	0.805
0.189	0.001	0.114	0.696
0.001	0.086	0.001	0.912
0.175	0.823	0.001	0.001
0.001	0.823	0.001	0.175
0.001	0.907	0.001	0.091
0.193	0.189	0.001	0.617
0.001	0.293	0.705	0.001
0.109	0.001	0.001	0.889
0.001	0.889	0.109	0.001
>CTGGCCCAGG	8-CTGGCCCAGG	8.350283	-8.213783	0	T:9.0(30.00%),B:3209.4(7.57%),P:1e-3	Tpos:139.3,Tstd:129.1,Bpos:174.7,Bstd:116.0,StrandBias:0.0,Multiplicity:1.00
0.100	0.700	0.100	0.100
0.100	0.100	0.100	0.700
0.100	0.100	0.700	0.100
0.100	0.100	0.700	0.100
0.100	0.700	0.100	0.100
0.100	0.700	0.100	0.100
0.100	0.700	0.100	0.100
0.700	0.100	0.100	0.100
0.100	0.100	0.700	0.100
0.100	0.100	0.700	0.100
>CTTTBGGTTTCG	1-CTTTBGGTTTCG	9.334590	-20.798495	0	T:7.0(23.33%),B:274.7(0.65%),P:1e-9	Tpos:228.8,Tstd:70.5,Bpos:168.9,Bstd:118.5,StrandBias:-1.0,Multiplicity:1.00
0.001	0.636	0.362	0.001
0.327	0.001	0.001	0.671
0.001	0.001	0.259	0.739
0.362	0.001	0.001	0.636
0.001	0.363	0.376	0.260
0.397	0.001	0.601	0.001
0.001	0.001	0.997	0.001
0.001	0.001	0.001	0.997
0.001	0.001	0.001	0.997
0.001	0.001	0.001	0.997
0.001	0.671	0.001	0.327
0.034	0.001	0.964	0.001
>GGAAACYGAAAC	2-GGAAACYGAAAC	10.426290	-19.716167	0	T:6.0(20.00%),B:172.2(0.41%),P:1e-8	Tpos:212.2,Tstd:90.6,Bpos:206.4,Bstd:102.4,StrandBias:-0.3,Multiplicity:1.50
0.117	0.180	0.661	0.042
0.187	0.059	0.753	0.001
0.845	0.001	0.153	0.001
0.877	0.121	0.001	0.001
0.815	0.057	0.064	0.064
0.192	0.622	0.056	0.130
0.088	0.425	0.105	0.382
0.098	0.045	0.856	0.001
0.876	0.053	0.070	0.001
0.935	0.001	0.001	0.063
0.717	0.050	0.169	0.064
0.169	0.622	0.156	0.053
>CCTRCMTACATA	3-CCTRCMTACATA	10.073282	-17.243161	0	T:4.0(13.33%),B:42.6(0.10%),P:1e-7	Tpos:114.4,Tstd:58.3,Bpos:122.3,Bstd:133.6,StrandBias:-0.6,Multiplicity:1.00
0.001	0.997	0.001	0.001
0.001	0.997	0.001	0.001
0.392	0.001	0.001	0.606
0.534	0.001	0.464	0.001
0.001	0.997	0.001	0.001
0.534	0.464	0.001	0.001
0.392	0.025	0.001	0.582
0.979	0.001	0.019	0.001
0.001	0.997	0.001	0.001
0.997	0.001	0.001	0.001
0.001	0.001	0.001	0.997
0.997	0.001	0.001	0.001
>AGTTGGCATGCT	4-AGTTGGCATGCT	10.888260	-16.364529	0	T:4.0(13.33%),B:53.8(0.13%),P:1e-7	Tpos:257.0,Tstd:51.5,Bpos:192.5,Bstd:114.6,StrandBias:10.0,Multiplicity:1.25
0.997	0.001	0.001	0.001
0.218	0.001	0.780	0.001
0.001	0.245	0.001	0.753
0.001	0.218	0.289	0.492
0.001	0.001	0.997	0.001
0.001	0.001	0.997	0.001
0.246	0.512	0.001	0.241
0.753	0.245	0.001	0.001
0.240	0.001	0.001	0.758
0.207	0.289	0.503	0.001
0.218	0.780	0.001	0.001
0.001	0.288	0.001	0.710
>TGRGGCGGCGGY	5-TGRGGCGGCGGY	9.509932	-14.894335	0	T:5.0(16.67%),B:202.2(0.48%),P:1e-6	Tpos:193.4,Tstd:103.4,Bpos:187.9,Bstd:102.4,StrandBias:0.4,Multiplicity:1.40
0.001	0.001	0.001	0.997
0.001	0.406	0.592	0.001
0.477	0.001	0.521	0.001
0.014	0.001	0.984	0.001
0.001	0.001	0.997	0.001
0.001	0.997	0.001	0.001
0.011	0.001	0.987	0.001
0.001	0.406	0.592	0.001
0.001	0.983	0.001	0.015
0.001	0.001	0.997	0.001
0.001	0.001	0.997	0.001
0.001	0.459	0.001	0.539
>AAACTGAA	1-AAACTGAA	8.708758	-18.442334	0	T:11.0(36.67%),B:1667.9(3.93%),P:1e-8	Tpos:195.5,Tstd:57.0,Bpos:171.0,Bstd:124.8,StrandBias:-1.0,Multiplicity:1.36
0.946	0.001	0.001	0.052
0.997	0.001	0.001	0.001
0.997	0.001	0.001	0.001
0.001	0.997	0.001	0.001
0.001	0.238	0.001	0.760
0.001	0.001	0.997	0.001
0.801	0.149	0.001	0.049
0.873	0.001	0.001	0.125
>TTTCCCTG	2-TTTCCCTG	7.910034	-10.713617	0	T:12.0(40.00%),B:4394.1(10.36%),P:1e-4	Tpos:195.1,Tstd:96.9,Bpos:168.3,Bstd:112.6,StrandBias:0.9,Multiplicity:1.42
0.075	0.001	0.001	0.923
0.001	0.001	0.001	0.997
0.001	0.001	0.001	0.997
0.001	0.997	0.001	0.001
0.066	0.628	0.001	0.305
0.001	0.997	0.001	0.001
0.001	0.001	0.001	0.997
0.001	0.001	0.896	0.102
>AAGTTAGT	3-AAGTTAGT	8.809597	-9.862544	0	T:5.0(16.67%),B:579.7(1.37%),P:1e-4	Tpos:181.9,Tstd:89.5,Bpos:171.9,Bstd:121.9,StrandBias:2.6,Multiplicity:1.40
0.997	0.001	0.001	0.001
0.997	0.001	0.001	0.001
0.001	0.145	0.853	0.001
0.001	0.001	0.001	0.997
0.001	0.001	0.001	0.997
0.997	0.001	0.001	0.001
0.001	0.001	0.997	0.001
0.122	0.001	0.001	0.876
>GGCATGCC	4-GGCATGCC	9.147375	-7.357806	0	T:5.0(16.67%),B:998.5(2.36%),P:1e-3	Tpos:203.5,Tstd:64.1,Bpos:197.2,Bstd:114.6,StrandBias:0.7,Multiplicity:1.40
0.001	0.001	0.997	0.001
0.001	0.144	0.854	0.001
0.001	0.673	0.325	0.001
0.997	0.001	0.001	0.001
0.001	0.133	0.001	0.865
0.001	0.001	0.997	0.001
0.001	0.997	0.001	0.001
0.001	0.604	0.001	0.394
>ACTCAGCT	5-ACTCAGCT	8.965588	-6.293718	0	T:5.0(16.67%),B:1269.4(2.99%),P:1e-2	Tpos:223.9,Tstd:105.0,Bpos:186.4,Bstd:114.0,StrandBias:-0.4,Multiplicity:1.20
0.997	0.001	0.001	0.001
0.001	0.997	0.001	0.001
0.001	0.001	0.001	0.997
0.001	0.997	0.001	0.001
0.876	0.001	0.001	0.122
0.001	0.001	0.997	0.001
0.001	0.997	0.001	0.001
0.001	0.001	0.001	0.997
