>CTTTBGGTTTCG	1-CTTTBGGTTTCG	9.334590	-20.798495	0	T:7.0(23.33%),B:274.7(0.65%),P:1e-9	Tpos:228.8,Tstd:70.5,Bpos:168.9,Bstd:118.5,StrandBias:-1.0,Multiplicity:1.00
0.001	0.636	0.362	0.001
0.327	0.001	0.001	0.671
0.001	0.001	0.259	0.739
0.362	0.001	0.001	0.636
0.001	0.363	0.376	0.260
0.397	0.001	0.601	0.001
0.001	0.001	0.997	0.001
0.001	0.001	0.001	0.997
0.001	0.001	0.001	0.997
0.001	0.001	0.001	0.997
0.001	0.671	0.001	0.327
0.034	0.001	0.964	0.001
>GGAAACYGAAAC	2-GGAAACYGAAAC	10.426290	-19.716167	0	T:6.0(20.00%),B:172.2(0.41%),P:1e-8	Tpos:212.2,Tstd:90.6,Bpos:206.4,Bstd:102.4,StrandBias:-0.3,Multiplicity:1.50
0.117	0.180	0.661	0.042
0.187	0.059	0.753	0.001
0.845	0.001	0.153	0.001
0.877	0.121	0.001	0.001
0.815	0.057	0.064	0.064
0.192	0.622	0.056	0.130
0.088	0.425	0.105	0.382
0.098	0.045	0.856	0.001
0.876	0.053	0.070	0.001
0.935	0.001	0.001	0.063
0.717	0.050	0.169	0.064
0.169	0.622	0.156	0.053
>CCTRCMTACATA	3-CCTRCMTACATA	10.073282	-17.243161	0	T:4.0(13.33%),B:42.6(0.10%),P:1e-7	Tpos:114.4,Tstd:58.3,Bpos:122.3,Bstd:133.6,StrandBias:-0.6,Multiplicity:1.00
0.001	0.997	0.001	0.001
0.001	0.997	0.001	0.001
0.392	0.001	0.001	0.606
0.534	0.001	0.464	0.001
0.001	0.997	0.001	0.001
0.534	0.464	0.001	0.001
0.392	0.025	0.001	0.582
0.979	0.001	0.019	0.001
0.001	0.997	0.001	0.001
0.997	0.001	0.001	0.001
0.001	0.001	0.001	0.997
0.997	0.001	0.001	0.001
>AGTTGGCATGCT	4-AGTTGGCATGCT	10.888260	-16.364529	0	T:4.0(13.33%),B:53.8(0.13%),P:1e-7	Tpos:257.0,Tstd:51.5,Bpos:192.5,Bstd:114.6,StrandBias:10.0,Multiplicity:1.25
0.997	0.001	0.001	0.001
0.218	0.001	0.780	0.001
0.001	0.245	0.001	0.753
0.001	0.218	0.289	0.492
0.001	0.001	0.997	0.001
0.001	0.001	0.997	0.001
0.246	0.512	0.001	0.241
0.753	0.245	0.001	0.001
0.240	0.001	0.001	0.758
0.207	0.289	0.503	0.001
0.218	0.780	0.001	0.001
0.001	0.288	0.001	0.710
>TGRGGCGGCGGY	5-TGRGGCGGCGGY	9.509932	-14.894335	0	T:5.0(16.67%),B:202.2(0.48%),P:1e-6	Tpos:193.4,Tstd:103.4,Bpos:187.9,Bstd:102.4,StrandBias:0.4,Multiplicity:1.40
0.001	0.001	0.001	0.997
0.001	0.406	0.592	0.001
0.477	0.001	0.521	0.001
0.014	0.001	0.984	0.001
0.001	0.001	0.997	0.001
0.001	0.997	0.001	0.001
0.011	0.001	0.987	0.001
0.001	0.406	0.592	0.001
0.001	0.983	0.001	0.015
0.001	0.001	0.997	0.001
0.001	0.001	0.997	0.001
0.001	0.459	0.001	0.539
