>GAAACTGCAG	1-GAAACTGCAG	6.809319	-23.559408	0	T:13.0(43.33%),B:1735.1(4.09%),P:1e-10	Tpos:191.3,Tstd:79.0,Bpos:178.4,Bstd:122.1,StrandBias:-0.6,Multiplicity:1.54
0.001	0.001	0.997	0.001
0.997	0.001	0.001	0.001
0.997	0.001	0.001	0.001
0.997	0.001	0.001	0.001
0.026	0.943	0.030	0.001
0.001	0.196	0.001	0.802
0.192	0.001	0.806	0.001
0.259	0.739	0.001	0.001
0.997	0.001	0.001	0.001
0.257	0.001	0.741	0.001
>AACCACCAGC	2-AACCACCAGC	11.209038	-19.139034	0	T:6.0(20.00%),B:191.0(0.45%),P:1e-8	Tpos:157.4,Tstd:80.4,Bpos:188.4,Bstd:110.3,StrandBias:0.4,Multiplicity:1.17
0.997	0.001	0.001	0.001
0.851	0.147	0.001	0.001
0.001	0.997	0.001	0.001
0.171	0.827	0.001	0.001
0.846	0.001	0.001	0.152
0.174	0.824	0.001	0.001
0.001	0.997	0.001	0.001
0.843	0.155	0.001	0.001
0.001	0.001	0.997	0.001
0.001	0.997	0.001	0.001
>TAAGTTAGWG	3-TAAGTTAGWG	10.187269	-15.829633	0	T:4.0(13.33%),B:61.3(0.14%),P:1e-6	Tpos:188.8,Tstd:103.2,Bpos:176.3,Bstd:142.6,StrandBias:10.0,Multiplicity:1.25
0.088	0.001	0.001	0.910
0.997	0.001	0.001	0.001
0.997	0.001	0.001	0.001
0.001	0.001	0.997	0.001
0.001	0.001	0.001	0.997
0.001	0.001	0.001	0.997
0.997	0.001	0.001	0.001
0.001	0.001	0.997	0.001
0.492	0.001	0.001	0.506
0.001	0.001	0.581	0.417
>CTCAAAGGCT	4-CTCAAAGGCT	11.442229	-13.745004	0	T:4.0(13.33%),B:105.7(0.25%),P:1e-5	Tpos:156.2,Tstd:86.2,Bpos:161.4,Bstd:98.3,StrandBias:-10.0,Multiplicity:1.00
0.001	0.997	0.001	0.001
0.001	0.001	0.001	0.997
0.001	0.997	0.001	0.001
0.758	0.001	0.001	0.240
0.843	0.001	0.155	0.001
0.819	0.001	0.179	0.001
0.001	0.001	0.791	0.207
0.001	0.001	0.997	0.001
0.001	0.997	0.001	0.001
0.001	0.001	0.001	0.997
>GTTGGCATGC	5-GTTGGCATGC	10.296193	-12.751543	0	T:2.0(6.67%),B:2.6(0.01%),P:1e-5	Tpos:264.7,Tstd:38.8,Bpos:207.1,Bstd:11.3,StrandBias:10.0,Multiplicity:1.50
0.100	0.100	0.700	0.100
0.100	0.100	0.100	0.700
0.100	0.100	0.100	0.700
0.100	0.100	0.700	0.100
0.100	0.100	0.700	0.100
0.100	0.700	0.100	0.100
0.700	0.100	0.100	0.100
0.100	0.100	0.100	0.700
0.100	0.100	0.700	0.100
0.100	0.700	0.100	0.100
>WAAYACTCAG	6-WAAYACTCAG	9.056634	-11.612053	0	T:5.0(16.67%),B:400.7(0.95%),P:1e-5	Tpos:224.0,Tstd:112.4,Bpos:168.4,Bstd:115.9,StrandBias:-2.3,Multiplicity:1.20
0.503	0.001	0.001	0.495
0.997	0.001	0.001	0.001
0.997	0.001	0.001	0.001
0.070	0.496	0.028	0.406
0.593	0.001	0.405	0.001
0.001	0.997	0.001	0.001
0.001	0.001	0.001	0.997
0.001	0.997	0.001	0.001
0.997	0.001	0.001	0.001
0.001	0.001	0.997	0.001
>TTTCCCTGTC	7-TTTCCCTGTC	8.397220	-9.490071	0	T:8.0(26.67%),B:2082.7(4.91%),P:1e-4	Tpos:158.9,Tstd:86.8,Bpos:162.7,Bstd:114.2,StrandBias:1.8,Multiplicity:1.12
0.193	0.001	0.001	0.805
0.189	0.001	0.114	0.696
0.001	0.086	0.001	0.912
0.175	0.823	0.001	0.001
0.001	0.823	0.001	0.175
0.001	0.907	0.001	0.091
0.193	0.189	0.001	0.617
0.001	0.293	0.705	0.001
0.109	0.001	0.001	0.889
0.001	0.889	0.109	0.001
>CTGGCCCAGG	8-CTGGCCCAGG	8.350283	-8.213783	0	T:9.0(30.00%),B:3209.4(7.57%),P:1e-3	Tpos:139.3,Tstd:129.1,Bpos:174.7,Bstd:116.0,StrandBias:0.0,Multiplicity:1.00
0.100	0.700	0.100	0.100
0.100	0.100	0.100	0.700
0.100	0.100	0.700	0.100
0.100	0.100	0.700	0.100
0.100	0.700	0.100	0.100
0.100	0.700	0.100	0.100
0.100	0.700	0.100	0.100
0.700	0.100	0.100	0.100
0.100	0.100	0.700	0.100
0.100	0.100	0.700	0.100
