>CWAATAAATA	1-CWAATAAATA	9.014797	-18.498848	0	T:10.0(22.22%),B:761.0(1.86%),P:1e-8	Tpos:142.2,Tstd:107.1,Bpos:141.1,Bstd:110.5,StrandBias:-1.0,Multiplicity:1.10
0.060	0.758	0.100	0.082
0.557	0.001	0.001	0.441
0.843	0.057	0.095	0.005
0.944	0.001	0.054	0.001
0.001	0.001	0.227	0.771
0.884	0.001	0.114	0.001
0.901	0.001	0.001	0.097
0.908	0.001	0.090	0.001
0.249	0.003	0.001	0.747
0.708	0.117	0.095	0.080
>GTTCCTCTTG	2-GTTCCTCTTG	10.713677	-17.470473	0	T:7.0(15.56%),B:277.9(0.68%),P:1e-7	Tpos:134.2,Tstd:82.8,Bpos:180.1,Bstd:110.0,StrandBias:-0.7,Multiplicity:1.14
0.001	0.001	0.997	0.001
0.001	0.001	0.001	0.997
0.175	0.001	0.001	0.823
0.001	0.894	0.104	0.001
0.001	0.997	0.001	0.001
0.119	0.001	0.144	0.736
0.001	0.863	0.001	0.135
0.001	0.105	0.001	0.893
0.001	0.001	0.001	0.997
0.001	0.001	0.894	0.104
>CCCACCGCSC	3-CCCACCGCSC	9.862155	-14.504605	0	T:11.0(24.44%),B:1492.9(3.65%),P:1e-6	Tpos:150.7,Tstd:96.6,Bpos:186.7,Bstd:111.0,StrandBias:0.0,Multiplicity:1.27
0.001	0.997	0.001	0.001
0.001	0.867	0.001	0.131
0.001	0.997	0.001	0.001
0.940	0.001	0.001	0.058
0.001	0.997	0.001	0.001
0.001	0.997	0.001	0.001
0.113	0.001	0.829	0.057
0.001	0.997	0.001	0.001
0.191	0.361	0.447	0.001
0.001	0.997	0.001	0.001
>TGGGGCTCTC	4-TGGGGCTCTC	10.296193	-9.484998	0	T:3.0(6.67%),B:71.7(0.18%),P:1e-4	Tpos:73.2,Tstd:69.9,Bpos:176.5,Bstd:113.0,StrandBias:0.0,Multiplicity:1.33
0.100	0.100	0.100	0.700
0.100	0.100	0.700	0.100
0.100	0.100	0.700	0.100
0.100	0.100	0.700	0.100
0.100	0.100	0.700	0.100
0.100	0.700	0.100	0.100
0.100	0.100	0.100	0.700
0.100	0.700	0.100	0.100
0.100	0.100	0.100	0.700
0.100	0.700	0.100	0.100
>HGTGTGTGTG	5-HGTGTGTGTG	8.568005	-9.340283	0	T:9.0(20.00%),B:1707.8(4.17%),P:1e-4	Tpos:207.6,Tstd:76.3,Bpos:170.8,Bstd:119.1,StrandBias:-0.8,Multiplicity:1.22
0.357	0.308	0.001	0.334
0.001	0.308	0.664	0.027
0.001	0.001	0.001	0.997
0.001	0.001	0.746	0.252
0.001	0.001	0.001	0.997
0.001	0.001	0.997	0.001
0.252	0.001	0.001	0.746
0.356	0.001	0.642	0.001
0.001	0.001	0.001	0.997
0.308	0.001	0.690	0.001
