>SCCACTCGGCAS	4-STGCCGAGTGGS	8.771609	-15.354926	0	T:5.0(10.42%),B:107.0(0.26%),P:1e-6
0.155	0.367	0.322	0.156
0.031	0.748	0.141	0.080
0.128	0.687	0.106	0.079
0.461	0.173	0.198	0.168
0.102	0.706	0.110	0.082
0.108	0.201	0.149	0.542
0.087	0.667	0.147	0.099
0.085	0.203	0.604	0.108
0.073	0.168	0.700	0.059
0.127	0.702	0.108	0.063
0.511	0.161	0.187	0.141
0.198	0.254	0.351	0.197
