>STGCCGAGTGGS	4-STGCCGAGTGGS,BestGuess:PB0114.1_Egr1_2/Jaspar(0.732)	8.771609	-15.354926	0	T:5.0(10.42%),B:107.0(0.26%),P:1e-6
0.197	0.351	0.254	0.198
0.141	0.187	0.161	0.511
0.063	0.108	0.702	0.127
0.059	0.700	0.168	0.073
0.108	0.604	0.203	0.085
0.099	0.147	0.667	0.087
0.542	0.149	0.201	0.108
0.082	0.110	0.706	0.102
0.168	0.198	0.173	0.461
0.079	0.106	0.687	0.128
0.080	0.141	0.748	0.031
0.156	0.322	0.367	0.155
