>CTTTBGGTTTCG	1-CTTTBGGTTTCG	9.337733	-21.240071	0	T:7.0(25.00%),B:270.3(0.66%),P:1e-9	Tpos:228.8,Tstd:70.5,Bpos:169.9,Bstd:121.8,StrandBias:-1.0,Multiplicity:1.00
0.001	0.637	0.361	0.001
0.327	0.001	0.001	0.671
0.001	0.001	0.259	0.739
0.361	0.001	0.001	0.637
0.001	0.363	0.376	0.260
0.397	0.001	0.601	0.001
0.001	0.001	0.997	0.001
0.001	0.001	0.001	0.997
0.001	0.001	0.001	0.997
0.001	0.001	0.001	0.997
0.001	0.671	0.001	0.327
0.034	0.001	0.964	0.001
>GGAAACYGAAAC	2-GGAAACYGAAAC	10.628034	-20.069541	0	T:6.0(21.43%),B:170.4(0.41%),P:1e-8	Tpos:212.2,Tstd:90.6,Bpos:207.4,Bstd:106.6,StrandBias:-0.3,Multiplicity:1.50
0.124	0.192	0.639	0.045
0.200	0.064	0.735	0.001
0.835	0.001	0.163	0.001
0.868	0.130	0.001	0.001
0.870	0.061	0.068	0.001
0.205	0.596	0.060	0.139
0.094	0.386	0.112	0.408
0.105	0.047	0.847	0.001
0.867	0.057	0.075	0.001
0.997	0.001	0.001	0.001
0.697	0.054	0.181	0.068
0.112	0.665	0.166	0.057
>AGTBGGCATVCT	3-AGTBGGCATVCT	12.246871	-18.444368	0	T:3.0(10.71%),B:4.5(0.01%),P:1e-8	Tpos:243.8,Tstd:49.4,Bpos:194.4,Bstd:53.5,StrandBias:10.0,Multiplicity:1.33
0.997	0.001	0.001	0.001
0.287	0.001	0.711	0.001
0.001	0.001	0.001	0.997
0.001	0.288	0.380	0.331
0.001	0.001	0.997	0.001
0.001	0.001	0.997	0.001
0.001	0.675	0.001	0.323
0.997	0.001	0.001	0.001
0.323	0.001	0.001	0.675
0.280	0.380	0.339	0.001
0.287	0.711	0.001	0.001
0.001	0.379	0.001	0.619
>GCAAGTTGGTAA	4-GCAAGTTGGTAA	12.355432	-7.295832	0	T:1.0(3.57%),B:0.0(0.00%),P:1e-3	Tpos:6.0,Tstd:0.0,Bpos:0.0,Bstd:0.0,StrandBias:10.0,Multiplicity:1.00
0.100	0.100	0.700	0.100
0.100	0.700	0.100	0.100
0.700	0.100	0.100	0.100
0.700	0.100	0.100	0.100
0.100	0.100	0.700	0.100
0.100	0.100	0.100	0.700
0.100	0.100	0.100	0.700
0.100	0.100	0.700	0.100
0.100	0.100	0.700	0.100
0.100	0.100	0.100	0.700
0.700	0.100	0.100	0.100
0.700	0.100	0.100	0.100
>CATTAGTCCATG	5-CATTAGTCCATG	12.355432	-7.295832	0	T:1.0(3.57%),B:0.6(0.00%),P:1e-3	Tpos:32.0,Tstd:0.0,Bpos:56.0,Bstd:0.0,StrandBias:10.0,Multiplicity:1.00
0.100	0.700	0.100	0.100
0.700	0.100	0.100	0.100
0.100	0.100	0.100	0.700
0.100	0.100	0.100	0.700
0.700	0.100	0.100	0.100
0.100	0.100	0.700	0.100
0.100	0.100	0.100	0.700
0.100	0.700	0.100	0.100
0.100	0.700	0.100	0.100
0.700	0.100	0.100	0.100
0.100	0.100	0.100	0.700
0.100	0.100	0.700	0.100
