>GTGACCTTGRVN	ERRg(NR)/Kidney-ESRRG-ChIP-Seq(GSE104905)/Homer	7.036437	-4.716933	0	T:67.0(13.06%),B:4415.2(9.73%),P:1e-2
0.211	0.183	0.386	0.220
0.025	0.129	0.012	0.834
0.115	0.119	0.765	0.001
0.647	0.224	0.028	0.101
0.023	0.975	0.001	0.001
0.030	0.930	0.001	0.039
0.015	0.048	0.001	0.936
0.015	0.204	0.023	0.758
0.021	0.303	0.461	0.215
0.432	0.162	0.288	0.118
0.221	0.296	0.325	0.158
0.219	0.307	0.267	0.207
