>CTAATCTACTAG	19-CTAGTAGATTAG	7.393109	-21.407716	0	T:43.0(5.70%),B:863.7(1.88%),P:1e-9
0.072	0.819	0.076	0.033
0.104	0.156	0.053	0.687
0.669	0.137	0.053	0.141
0.866	0.034	0.016	0.084
0.125	0.069	0.066	0.740
0.119	0.827	0.001	0.053
0.120	0.126	0.034	0.720
0.698	0.158	0.078	0.066
0.137	0.734	0.075	0.054
0.187	0.121	0.001	0.691
0.762	0.094	0.053	0.091
0.064	0.050	0.790	0.096
