>CTCCTCCCGGGC	6-GCCCGGGAGGAG	9.482532	-26.599234	0	T:62.0(8.17%),B:1355.4(2.95%),P:1e-11
0.019	0.868	0.067	0.046
0.083	0.050	0.070	0.797
0.091	0.834	0.028	0.047
0.036	0.794	0.086	0.084
0.059	0.054	0.047	0.840
0.038	0.827	0.072	0.063
0.032	0.865	0.042	0.061
0.064	0.834	0.025	0.077
0.067	0.032	0.827	0.074
0.052	0.060	0.848	0.040
0.046	0.066	0.829	0.059
0.038	0.842	0.055	0.065
