>CCTGGGGAGCGG	3-CCGCTCCCCAGG	10.090738	-28.770648	0	T:53.0(7.03%),B:988.2(2.15%),P:1e-12
0.037	0.826	0.094	0.043
0.043	0.869	0.031	0.057
0.077	0.059	0.098	0.766
0.022	0.115	0.846	0.017
0.058	0.017	0.901	0.024
0.074	0.078	0.825	0.023
0.035	0.090	0.874	0.001
0.728	0.126	0.054	0.092
0.025	0.046	0.910	0.019
0.064	0.801	0.058	0.077
0.083	0.036	0.833	0.048
0.035	0.113	0.827	0.025
