>CTCCTCCCGGGC	7-GCCCGGGAGGAG	9.453096	-25.968555	0	T:68.0(9.01%),B:1606.9(3.49%),P:1e-11
0.018	0.872	0.066	0.044
0.081	0.049	0.069	0.801
0.088	0.839	0.028	0.045
0.035	0.795	0.084	0.086
0.058	0.056	0.060	0.826
0.037	0.831	0.070	0.062
0.031	0.868	0.041	0.060
0.077	0.824	0.024	0.075
0.066	0.031	0.827	0.076
0.051	0.062	0.848	0.039
0.045	0.065	0.833	0.057
0.037	0.846	0.054	0.063
