>CTCCTCCCGGGC	9-GCCCGGGAGGAG	10.498345	-25.360670	0	T:32.0(4.24%),B:433.4(0.94%),P:1e-11
0.169	0.545	0.137	0.149
0.057	0.162	0.224	0.557
0.112	0.803	0.043	0.042
0.042	0.804	0.028	0.126
0.062	0.104	0.115	0.719
0.043	0.904	0.052	0.001
0.001	0.917	0.041	0.041
0.171	0.774	0.001	0.054
0.194	0.012	0.775	0.019
0.042	0.179	0.528	0.251
0.237	0.099	0.622	0.042
0.083	0.590	0.061	0.266
