>CTTTGCCAAGGC	2-GCCTTGGCAAAG	8.416697	-31.917386	0	T:78.0(10.05%),B:1712.2(3.72%),P:1e-13
0.011	0.940	0.001	0.048
0.024	0.063	0.016	0.897
0.001	0.128	0.015	0.856
0.024	0.044	0.261	0.671
0.029	0.161	0.597	0.213
0.044	0.864	0.024	0.068
0.276	0.704	0.019	0.001
0.823	0.079	0.097	0.001
0.594	0.102	0.275	0.029
0.001	0.024	0.844	0.131
0.308	0.058	0.633	0.001
0.306	0.623	0.047	0.024
