>CTAGTAGATTAG	19-CTAGTAGATTAG,BestGuess:GATA1/MA0035.4/Jaspar(0.767)	7.393109	-21.407716	0	T:43.0(5.70%),B:863.7(1.88%),P:1e-9
0.096	0.790	0.050	0.064
0.091	0.053	0.094	0.762
0.691	0.001	0.121	0.187
0.054	0.075	0.734	0.137
0.066	0.078	0.158	0.698
0.720	0.034	0.126	0.120
0.053	0.001	0.827	0.119
0.740	0.066	0.069	0.125
0.084	0.016	0.034	0.866
0.141	0.053	0.137	0.669
0.687	0.053	0.156	0.104
0.033	0.076	0.819	0.072
