>CCGCTCCCCAGG	3-CCGCTCCCCAGG,BestGuess:ZNF148/MA1653.1/Jaspar(0.692)	10.090738	-28.770648	0	T:53.0(7.03%),B:988.2(2.15%),P:1e-12
0.025	0.827	0.113	0.035
0.048	0.833	0.036	0.083
0.077	0.058	0.801	0.064
0.019	0.910	0.046	0.025
0.092	0.054	0.126	0.728
0.001	0.874	0.090	0.035
0.023	0.825	0.078	0.074
0.024	0.901	0.017	0.058
0.017	0.846	0.115	0.022
0.766	0.098	0.059	0.077
0.057	0.031	0.869	0.043
0.043	0.094	0.826	0.037
