>GCCTTGGCAAAG	4-GCCTTGGCAAAG,BestGuess:NFIC/MA0161.2/Jaspar(0.676)	8.505005	-28.638386	0	T:69.0(9.15%),B:1548.9(3.37%),P:1e-12
0.024	0.046	0.622	0.308
0.013	0.644	0.062	0.281
0.130	0.845	0.024	0.001
0.029	0.264	0.130	0.577
0.001	0.087	0.076	0.836
0.001	0.019	0.666	0.314
0.065	0.024	0.839	0.072
0.210	0.610	0.151	0.029
0.721	0.211	0.044	0.024
0.856	0.015	0.128	0.001
0.898	0.001	0.078	0.023
0.047	0.001	0.941	0.011
