>CTTTGCCAAGGC	6-GCCTTGGCAAAG	8.689076	-27.896876	0	T:61.0(8.08%),B:1284.1(2.79%),P:1e-12
0.010	0.944	0.001	0.045
0.023	0.075	0.016	0.886
0.001	0.138	0.014	0.847
0.023	0.090	0.273	0.614
0.097	0.124	0.572	0.207
0.062	0.816	0.023	0.099
0.233	0.721	0.045	0.001
0.846	0.072	0.081	0.001
0.639	0.097	0.237	0.027
0.001	0.023	0.829	0.147
0.288	0.023	0.688	0.001
0.279	0.678	0.020	0.023
