>CTTTGCCAAGGC	4-GCCTTGGCAAAG	8.505005	-28.638386	0	T:69.0(9.15%),B:1548.9(3.37%),P:1e-12
0.011	0.941	0.001	0.047
0.023	0.078	0.001	0.898
0.001	0.128	0.015	0.856
0.024	0.044	0.211	0.721
0.029	0.151	0.610	0.210
0.072	0.839	0.024	0.065
0.314	0.666	0.019	0.001
0.836	0.076	0.087	0.001
0.577	0.130	0.264	0.029
0.001	0.024	0.845	0.130
0.281	0.062	0.644	0.013
0.308	0.622	0.046	0.024
