>GCCCGGGAGGAG	7-GCCCGGGAGGAG,BestGuess:ZNF263/MA0528.2/Jaspar(0.741)	9.453096	-25.968555	0	T:68.0(9.01%),B:1606.9(3.49%),P:1e-11
0.063	0.054	0.846	0.037
0.057	0.833	0.065	0.045
0.039	0.848	0.062	0.051
0.076	0.827	0.031	0.066
0.075	0.024	0.824	0.077
0.060	0.041	0.868	0.031
0.062	0.070	0.831	0.037
0.826	0.060	0.056	0.058
0.086	0.084	0.795	0.035
0.045	0.028	0.839	0.088
0.801	0.069	0.049	0.081
0.044	0.066	0.872	0.018
