>GCCTTGGCAAAG	2-GCCTTGGCAAAG,BestGuess:NFIC/MA0161.2/Jaspar(0.677)	8.416697	-31.917386	0	T:78.0(10.05%),B:1712.2(3.72%),P:1e-13
0.024	0.047	0.623	0.306
0.001	0.633	0.058	0.308
0.131	0.844	0.024	0.001
0.029	0.275	0.102	0.594
0.001	0.097	0.079	0.823
0.001	0.019	0.704	0.276
0.068	0.024	0.864	0.044
0.213	0.597	0.161	0.029
0.671	0.261	0.044	0.024
0.856	0.015	0.128	0.001
0.897	0.016	0.063	0.024
0.048	0.001	0.940	0.011
