>AAGAAACCACTG	14-AAGAAACCACTG	10.824955	-23.245137	0	T:16.0(2.12%),B:101.4(0.22%),P:1e-10
0.738	0.182	0.079	0.001
0.604	0.001	0.183	0.212
0.065	0.001	0.933	0.001
0.815	0.148	0.001	0.036
0.706	0.084	0.209	0.001
0.759	0.005	0.156	0.080
0.099	0.808	0.040	0.053
0.110	0.888	0.001	0.001
0.730	0.109	0.080	0.081
0.056	0.607	0.098	0.239
0.054	0.189	0.002	0.755
0.001	0.037	0.961	0.001
