>CTTTGCCAAGGC	5-GCCTTGGCAAAG	8.588571	-26.979764	0	T:63.0(8.30%),B:1378.7(3.00%),P:1e-11
0.011	0.942	0.001	0.046
0.023	0.084	0.016	0.877
0.001	0.164	0.015	0.820
0.023	0.092	0.227	0.658
0.066	0.111	0.603	0.220
0.043	0.826	0.023	0.108
0.260	0.693	0.046	0.001
0.848	0.071	0.080	0.001
0.638	0.099	0.235	0.028
0.001	0.023	0.848	0.128
0.282	0.024	0.693	0.001
0.305	0.643	0.029	0.023
