>CTAGTAGATTAG	24-CTAGTAGATTAG,BestGuess:GATA1/MA0035.4/Jaspar(0.767)	7.540126	-19.441498	0	T:38.0(5.01%),B:747.7(1.63%),P:1e-8
0.092	0.780	0.048	0.080
0.088	0.051	0.090	0.771
0.702	0.001	0.117	0.180
0.052	0.072	0.744	0.132
0.064	0.076	0.189	0.671
0.730	0.033	0.121	0.116
0.051	0.001	0.833	0.115
0.733	0.081	0.066	0.120
0.081	0.033	0.033	0.853
0.154	0.051	0.132	0.663
0.698	0.051	0.150	0.101
0.032	0.073	0.825	0.070
