>GTTCCTCTTG	1-GTTCCTCTTG	10.714441	-16.693977	0	T:7.0(13.46%),B:267.7(0.65%),P:1e-7	Tpos:134.2,Tstd:82.8,Bpos:179.6,Bstd:106.2,StrandBias:-0.7,Multiplicity:1.14
0.001	0.001	0.997	0.001
0.001	0.001	0.001	0.997
0.171	0.001	0.001	0.827
0.001	0.893	0.105	0.001
0.001	0.997	0.001	0.001
0.120	0.001	0.146	0.733
0.001	0.863	0.001	0.135
0.001	0.104	0.001	0.894
0.001	0.001	0.001	0.997
0.001	0.001	0.894	0.104
>CWRATAAATD	2-CWRATAAATD	7.817603	-16.190748	0	T:16.0(30.77%),B:2629.5(6.41%),P:1e-7	Tpos:144.0,Tstd:101.8,Bpos:149.9,Bstd:109.0,StrandBias:-0.9,Multiplicity:1.31
0.077	0.806	0.001	0.116
0.526	0.001	0.001	0.472
0.401	0.085	0.513	0.001
0.997	0.001	0.001	0.001
0.001	0.001	0.348	0.650
0.988	0.001	0.010	0.001
0.989	0.001	0.001	0.009
0.990	0.001	0.008	0.001
0.251	0.001	0.076	0.672
0.427	0.001	0.286	0.287
>CTMATCAGTC	3-CTMATCAGTC	10.029875	-15.125081	0	T:6.0(11.54%),B:203.4(0.50%),P:1e-6	Tpos:119.8,Tstd:55.0,Bpos:181.4,Bstd:95.8,StrandBias:-1.0,Multiplicity:1.00
0.001	0.997	0.001	0.001
0.001	0.001	0.001	0.997
0.424	0.574	0.001	0.001
0.997	0.001	0.001	0.001
0.001	0.194	0.001	0.804
0.409	0.589	0.001	0.001
0.997	0.001	0.001	0.001
0.198	0.001	0.800	0.001
0.001	0.001	0.001	0.997
0.001	0.603	0.001	0.395
>TGSGGCTCTC	4-TGSGGCTCTC	10.291227	-9.282496	0	T:6.0(11.54%),B:578.0(1.41%),P:1e-4	Tpos:136.1,Tstd:118.8,Bpos:188.6,Bstd:104.1,StrandBias:-1.3,Multiplicity:1.17
0.257	0.001	0.106	0.636
0.001	0.118	0.737	0.144
0.119	0.483	0.397	0.001
0.001	0.001	0.997	0.001
0.001	0.001	0.867	0.131
0.001	0.997	0.001	0.001
0.001	0.001	0.001	0.997
0.001	0.997	0.001	0.001
0.001	0.351	0.001	0.647
0.001	0.774	0.224	0.001
>TTTGTGTGTG	5-TTTGTGTGTG	11.205909	-7.526625	0	T:5.0(9.62%),B:522.7(1.27%),P:1e-3	Tpos:206.7,Tstd:78.1,Bpos:157.8,Bstd:115.9,StrandBias:-2.0,Multiplicity:1.20
0.001	0.001	0.202	0.796
0.137	0.001	0.211	0.651
0.001	0.001	0.001	0.997
0.001	0.001	0.997	0.001
0.001	0.001	0.001	0.997
0.001	0.001	0.997	0.001
0.001	0.001	0.001	0.997
0.001	0.001	0.997	0.001
0.001	0.001	0.001	0.997
0.001	0.187	0.657	0.155
