>GATAAATG	1-GATAAATG	8.246753	-22.283151	0	T:11.0(21.15%),B:590.1(1.44%),P:1e-9	Tpos:150.2,Tstd:102.7,Bpos:160.8,Bstd:111.3,StrandBias:0.8,Multiplicity:1.00
0.001	0.001	0.997	0.001
0.917	0.081	0.001	0.001
0.001	0.001	0.001	0.997
0.931	0.001	0.067	0.001
0.997	0.001	0.001	0.001
0.896	0.001	0.001	0.102
0.001	0.126	0.001	0.872
0.001	0.001	0.997	0.001
>ATACGCAA	2-ATACGCAA	6.437242	-13.134334	0	T:18.0(34.62%),B:4181.8(10.19%),P:1e-5	Tpos:185.3,Tstd:88.9,Bpos:155.6,Bstd:113.2,StrandBias:0.0,Multiplicity:1.33
0.835	0.096	0.010	0.059
0.002	0.274	0.005	0.719
0.868	0.001	0.003	0.128
0.069	0.594	0.047	0.290
0.337	0.001	0.572	0.090
0.001	0.997	0.001	0.001
0.842	0.001	0.007	0.150
0.611	0.346	0.039	0.004
>TATGACAA	3-TATGACAA	7.747096	-11.333682	0	T:9.0(17.31%),B:1132.3(2.76%),P:1e-4	Tpos:129.9,Tstd:84.7,Bpos:165.6,Bstd:104.8,StrandBias:0.3,Multiplicity:1.00
0.001	0.192	0.001	0.806
0.997	0.001	0.001	0.001
0.224	0.001	0.001	0.774
0.001	0.001	0.997	0.001
0.894	0.001	0.104	0.001
0.001	0.997	0.001	0.001
0.997	0.001	0.001	0.001
0.551	0.252	0.196	0.001
>TGTAGAAT	4-TGTAGAAT	7.328688	-10.410201	0	T:9.0(17.31%),B:1274.6(3.11%),P:1e-4	Tpos:191.3,Tstd:122.4,Bpos:149.5,Bstd:102.9,StrandBias:-0.5,Multiplicity:1.33
0.001	0.260	0.175	0.564
0.001	0.144	0.854	0.001
0.072	0.001	0.025	0.902
0.954	0.001	0.001	0.044
0.001	0.136	0.862	0.001
0.997	0.001	0.001	0.001
0.820	0.001	0.001	0.178
0.001	0.001	0.001	0.997
>KTATTTAT	5-KTATTTAT	3.017911	-10.247561	0	T:18.0(34.62%),B:5143.3(12.53%),P:1e-4	Tpos:164.3,Tstd:105.9,Bpos:152.8,Bstd:111.5,StrandBias:1.1,Multiplicity:1.39
0.001	0.001	0.521	0.477
0.001	0.001	0.117	0.881
0.595	0.001	0.001	0.403
0.001	0.001	0.001	0.997
0.001	0.001	0.001	0.997
0.001	0.001	0.310	0.688
0.997	0.001	0.001	0.001
0.001	0.001	0.001	0.997
