>TGTGTGTGCA	1-TGTGTGTGCA	8.874455	-21.209706	0	T:13.0(27.08%),B:1152.4(2.83%),P:1e-9	Tpos:222.1,Tstd:75.2,Bpos:161.7,Bstd:115.8,StrandBias:-0.5,Multiplicity:1.00
0.001	0.001	0.001	0.997
0.001	0.001	0.915	0.083
0.099	0.001	0.006	0.894
0.001	0.092	0.906	0.001
0.102	0.001	0.001	0.896
0.114	0.001	0.884	0.001
0.001	0.141	0.001	0.857
0.145	0.099	0.755	0.001
0.001	0.558	0.233	0.208
0.749	0.004	0.246	0.001
>CYCACCGCAC	2-CYCACCGCAC	7.974783	-20.401409	0	T:23.0(47.92%),B:4957.4(12.19%),P:1e-8	Tpos:179.0,Tstd:101.7,Bpos:186.0,Bstd:109.8,StrandBias:0.0,Multiplicity:1.22
0.001	0.946	0.049	0.004
0.001	0.493	0.059	0.447
0.001	0.822	0.176	0.001
0.740	0.043	0.001	0.216
0.148	0.691	0.024	0.137
0.041	0.886	0.072	0.001
0.198	0.049	0.617	0.136
0.050	0.876	0.032	0.042
0.486	0.186	0.302	0.026
0.043	0.955	0.001	0.001
>CAAAKAAATA	3-CAAAKAAATA	7.889153	-15.275148	0	T:16.0(33.33%),B:3056.4(7.52%),P:1e-6	Tpos:138.5,Tstd:100.6,Bpos:143.6,Bstd:113.8,StrandBias:0.4,Multiplicity:1.31
0.289	0.617	0.091	0.003
0.650	0.001	0.001	0.348
0.671	0.002	0.207	0.120
0.932	0.001	0.065	0.002
0.001	0.001	0.441	0.557
0.997	0.001	0.001	0.001
0.836	0.001	0.001	0.162
0.858	0.001	0.140	0.001
0.252	0.077	0.001	0.670
0.529	0.055	0.271	0.145
>CTCATMARTY	4-CTCATMARTY	9.397121	-11.564090	0	T:6.0(12.50%),B:411.7(1.01%),P:1e-5	Tpos:119.8,Tstd:55.0,Bpos:166.2,Bstd:108.9,StrandBias:-1.0,Multiplicity:1.00
0.001	0.997	0.001	0.001
0.001	0.001	0.001	0.997
0.288	0.710	0.001	0.001
0.997	0.001	0.001	0.001
0.171	0.308	0.001	0.520
0.498	0.500	0.001	0.001
0.997	0.001	0.001	0.001
0.433	0.001	0.565	0.001
0.252	0.001	0.001	0.746
0.001	0.481	0.001	0.517
>TGGGGCTCTC	5-TGGGGCTCTC	10.296193	-9.353920	0	T:3.0(6.25%),B:69.8(0.17%),P:1e-4	Tpos:73.2,Tstd:69.9,Bpos:176.4,Bstd:111.0,StrandBias:0.0,Multiplicity:1.33
0.100	0.100	0.100	0.700
0.100	0.100	0.700	0.100
0.100	0.100	0.700	0.100
0.100	0.100	0.700	0.100
0.100	0.100	0.700	0.100
0.100	0.700	0.100	0.100
0.100	0.100	0.100	0.700
0.100	0.700	0.100	0.100
0.100	0.100	0.100	0.700
0.100	0.700	0.100	0.100
