>CAAGAGGAACTK	1-CAAGAGGAACTK	12.192424	-25.366138	0	T:6.0(11.54%),B:33.3(0.08%),P:1e-11	Tpos:137.7,Tstd:82.9,Bpos:201.8,Bstd:109.7,StrandBias:1.0,Multiplicity:1.00
0.179	0.819	0.001	0.001
0.997	0.001	0.001	0.001
0.997	0.001	0.001	0.001
0.193	0.001	0.805	0.001
0.783	0.215	0.001	0.001
0.001	0.001	0.997	0.001
0.001	0.001	0.997	0.001
0.783	0.001	0.001	0.215
0.997	0.001	0.001	0.001
0.001	0.997	0.001	0.001
0.001	0.001	0.001	0.997
0.001	0.001	0.567	0.431
>GGCGGGCACGGC	2-GGCGGGCACGGC	12.577455	-20.673064	0	T:7.0(13.46%),B:147.5(0.36%),P:1e-8	Tpos:132.6,Tstd:92.0,Bpos:197.9,Bstd:97.6,StrandBias:0.4,Multiplicity:1.00
0.001	0.001	0.997	0.001
0.001	0.001	0.997	0.001
0.181	0.817	0.001	0.001
0.191	0.001	0.807	0.001
0.001	0.001	0.997	0.001
0.001	0.143	0.855	0.001
0.001	0.997	0.001	0.001
0.997	0.001	0.001	0.001
0.001	0.895	0.103	0.001
0.133	0.001	0.865	0.001
0.001	0.001	0.997	0.001
0.182	0.691	0.126	0.001
>GGAGCAGGGMGG	3-GGAGCAGGGMGG	10.004830	-16.175169	0	T:16.0(30.77%),B:2632.6(6.42%),P:1e-7	Tpos:209.0,Tstd:68.5,Bpos:197.6,Bstd:104.5,StrandBias:1.3,Multiplicity:1.06
0.001	0.247	0.630	0.122
0.182	0.060	0.757	0.001
0.640	0.135	0.174	0.051
0.001	0.001	0.997	0.001
0.001	0.798	0.200	0.001
0.908	0.090	0.001	0.001
0.115	0.001	0.883	0.001
0.151	0.126	0.558	0.165
0.036	0.074	0.889	0.001
0.525	0.429	0.045	0.001
0.001	0.108	0.817	0.074
0.001	0.001	0.997	0.001
>GCGCTCGTCGCC	4-GCGCTCGTCGCC	10.097150	-15.316743	0	T:5.0(9.62%),B:99.4(0.24%),P:1e-6	Tpos:190.0,Tstd:144.6,Bpos:199.4,Bstd:122.6,StrandBias:0.0,Multiplicity:1.20
0.001	0.001	0.997	0.001
0.001	0.997	0.001	0.001
0.001	0.001	0.997	0.001
0.001	0.997	0.001	0.001
0.001	0.001	0.001	0.997
0.001	0.997	0.001	0.001
0.105	0.001	0.893	0.001
0.001	0.143	0.001	0.855
0.099	0.899	0.001	0.001
0.001	0.001	0.997	0.001
0.001	0.997	0.001	0.001
0.001	0.997	0.001	0.001
>TGAAAAGAATTG	5-TGAAAAGAATTG	8.165331	-10.623837	0	T:10.0(19.23%),B:1566.7(3.82%),P:1e-4	Tpos:117.9,Tstd:96.6,Bpos:143.9,Bstd:108.3,StrandBias:0.2,Multiplicity:1.30
0.221	0.001	0.127	0.651
0.239	0.001	0.533	0.227
0.660	0.050	0.226	0.064
0.951	0.001	0.047	0.001
0.997	0.001	0.001	0.001
0.822	0.001	0.120	0.057
0.184	0.184	0.505	0.127
0.822	0.050	0.001	0.127
0.768	0.111	0.001	0.120
0.051	0.050	0.053	0.846
0.121	0.064	0.114	0.701
0.064	0.112	0.760	0.064
