>GTTCCTCTTG	1-GTTCCTCTTG	10.714441	-16.693977	0	T:7.0(13.46%),B:267.7(0.65%),P:1e-7	Tpos:134.2,Tstd:82.8,Bpos:179.6,Bstd:106.2,StrandBias:-0.7,Multiplicity:1.14
0.001	0.001	0.997	0.001
0.001	0.001	0.001	0.997
0.171	0.001	0.001	0.827
0.001	0.893	0.105	0.001
0.001	0.997	0.001	0.001
0.120	0.001	0.146	0.733
0.001	0.863	0.001	0.135
0.001	0.104	0.001	0.894
0.001	0.001	0.001	0.997
0.001	0.001	0.894	0.104
>CWRATAAATD	2-CWRATAAATD	7.817603	-16.190748	0	T:16.0(30.77%),B:2629.5(6.41%),P:1e-7	Tpos:144.0,Tstd:101.8,Bpos:149.9,Bstd:109.0,StrandBias:-0.9,Multiplicity:1.31
0.077	0.806	0.001	0.116
0.526	0.001	0.001	0.472
0.401	0.085	0.513	0.001
0.997	0.001	0.001	0.001
0.001	0.001	0.348	0.650
0.988	0.001	0.010	0.001
0.989	0.001	0.001	0.009
0.990	0.001	0.008	0.001
0.251	0.001	0.076	0.672
0.427	0.001	0.286	0.287
>CTMATCAGTC	3-CTMATCAGTC	10.029875	-15.125081	0	T:6.0(11.54%),B:203.4(0.50%),P:1e-6	Tpos:119.8,Tstd:55.0,Bpos:181.4,Bstd:95.8,StrandBias:-1.0,Multiplicity:1.00
0.001	0.997	0.001	0.001
0.001	0.001	0.001	0.997
0.424	0.574	0.001	0.001
0.997	0.001	0.001	0.001
0.001	0.194	0.001	0.804
0.409	0.589	0.001	0.001
0.997	0.001	0.001	0.001
0.198	0.001	0.800	0.001
0.001	0.001	0.001	0.997
0.001	0.603	0.001	0.395
>TGSGGCTCTC	4-TGSGGCTCTC	10.291227	-9.282496	0	T:6.0(11.54%),B:578.0(1.41%),P:1e-4	Tpos:136.1,Tstd:118.8,Bpos:188.6,Bstd:104.1,StrandBias:-1.3,Multiplicity:1.17
0.257	0.001	0.106	0.636
0.001	0.118	0.737	0.144
0.119	0.483	0.397	0.001
0.001	0.001	0.997	0.001
0.001	0.001	0.867	0.131
0.001	0.997	0.001	0.001
0.001	0.001	0.001	0.997
0.001	0.997	0.001	0.001
0.001	0.351	0.001	0.647
0.001	0.774	0.224	0.001
>TTTGTGTGTG	5-TTTGTGTGTG	11.205909	-7.526625	0	T:5.0(9.62%),B:522.7(1.27%),P:1e-3	Tpos:206.7,Tstd:78.1,Bpos:157.8,Bstd:115.9,StrandBias:-2.0,Multiplicity:1.20
0.001	0.001	0.202	0.796
0.137	0.001	0.211	0.651
0.001	0.001	0.001	0.997
0.001	0.001	0.997	0.001
0.001	0.001	0.001	0.997
0.001	0.001	0.997	0.001
0.001	0.001	0.001	0.997
0.001	0.001	0.997	0.001
0.001	0.001	0.001	0.997
0.001	0.187	0.657	0.155
>CAAGAGGAACTK	1-CAAGAGGAACTK	12.192424	-25.366138	0	T:6.0(11.54%),B:33.3(0.08%),P:1e-11	Tpos:137.7,Tstd:82.9,Bpos:201.8,Bstd:109.7,StrandBias:1.0,Multiplicity:1.00
0.179	0.819	0.001	0.001
0.997	0.001	0.001	0.001
0.997	0.001	0.001	0.001
0.193	0.001	0.805	0.001
0.783	0.215	0.001	0.001
0.001	0.001	0.997	0.001
0.001	0.001	0.997	0.001
0.783	0.001	0.001	0.215
0.997	0.001	0.001	0.001
0.001	0.997	0.001	0.001
0.001	0.001	0.001	0.997
0.001	0.001	0.567	0.431
>GGCGGGCACGGC	2-GGCGGGCACGGC	12.577455	-20.673064	0	T:7.0(13.46%),B:147.5(0.36%),P:1e-8	Tpos:132.6,Tstd:92.0,Bpos:197.9,Bstd:97.6,StrandBias:0.4,Multiplicity:1.00
0.001	0.001	0.997	0.001
0.001	0.001	0.997	0.001
0.181	0.817	0.001	0.001
0.191	0.001	0.807	0.001
0.001	0.001	0.997	0.001
0.001	0.143	0.855	0.001
0.001	0.997	0.001	0.001
0.997	0.001	0.001	0.001
0.001	0.895	0.103	0.001
0.133	0.001	0.865	0.001
0.001	0.001	0.997	0.001
0.182	0.691	0.126	0.001
>GGAGCAGGGMGG	3-GGAGCAGGGMGG	10.004830	-16.175169	0	T:16.0(30.77%),B:2632.6(6.42%),P:1e-7	Tpos:209.0,Tstd:68.5,Bpos:197.6,Bstd:104.5,StrandBias:1.3,Multiplicity:1.06
0.001	0.247	0.630	0.122
0.182	0.060	0.757	0.001
0.640	0.135	0.174	0.051
0.001	0.001	0.997	0.001
0.001	0.798	0.200	0.001
0.908	0.090	0.001	0.001
0.115	0.001	0.883	0.001
0.151	0.126	0.558	0.165
0.036	0.074	0.889	0.001
0.525	0.429	0.045	0.001
0.001	0.108	0.817	0.074
0.001	0.001	0.997	0.001
>GCGCTCGTCGCC	4-GCGCTCGTCGCC	10.097150	-15.316743	0	T:5.0(9.62%),B:99.4(0.24%),P:1e-6	Tpos:190.0,Tstd:144.6,Bpos:199.4,Bstd:122.6,StrandBias:0.0,Multiplicity:1.20
0.001	0.001	0.997	0.001
0.001	0.997	0.001	0.001
0.001	0.001	0.997	0.001
0.001	0.997	0.001	0.001
0.001	0.001	0.001	0.997
0.001	0.997	0.001	0.001
0.105	0.001	0.893	0.001
0.001	0.143	0.001	0.855
0.099	0.899	0.001	0.001
0.001	0.001	0.997	0.001
0.001	0.997	0.001	0.001
0.001	0.997	0.001	0.001
>TGAAAAGAATTG	5-TGAAAAGAATTG	8.165331	-10.623837	0	T:10.0(19.23%),B:1566.7(3.82%),P:1e-4	Tpos:117.9,Tstd:96.6,Bpos:143.9,Bstd:108.3,StrandBias:0.2,Multiplicity:1.30
0.221	0.001	0.127	0.651
0.239	0.001	0.533	0.227
0.660	0.050	0.226	0.064
0.951	0.001	0.047	0.001
0.997	0.001	0.001	0.001
0.822	0.001	0.120	0.057
0.184	0.184	0.505	0.127
0.822	0.050	0.001	0.127
0.768	0.111	0.001	0.120
0.051	0.050	0.053	0.846
0.121	0.064	0.114	0.701
0.064	0.112	0.760	0.064
>GATAAATG	1-GATAAATG	8.246753	-22.283151	0	T:11.0(21.15%),B:590.1(1.44%),P:1e-9	Tpos:150.2,Tstd:102.7,Bpos:160.8,Bstd:111.3,StrandBias:0.8,Multiplicity:1.00
0.001	0.001	0.997	0.001
0.917	0.081	0.001	0.001
0.001	0.001	0.001	0.997
0.931	0.001	0.067	0.001
0.997	0.001	0.001	0.001
0.896	0.001	0.001	0.102
0.001	0.126	0.001	0.872
0.001	0.001	0.997	0.001
>ATACGCAA	2-ATACGCAA	6.437242	-13.134334	0	T:18.0(34.62%),B:4181.8(10.19%),P:1e-5	Tpos:185.3,Tstd:88.9,Bpos:155.6,Bstd:113.2,StrandBias:0.0,Multiplicity:1.33
0.835	0.096	0.010	0.059
0.002	0.274	0.005	0.719
0.868	0.001	0.003	0.128
0.069	0.594	0.047	0.290
0.337	0.001	0.572	0.090
0.001	0.997	0.001	0.001
0.842	0.001	0.007	0.150
0.611	0.346	0.039	0.004
>TATGACAA	3-TATGACAA	7.747096	-11.333682	0	T:9.0(17.31%),B:1132.3(2.76%),P:1e-4	Tpos:129.9,Tstd:84.7,Bpos:165.6,Bstd:104.8,StrandBias:0.3,Multiplicity:1.00
0.001	0.192	0.001	0.806
0.997	0.001	0.001	0.001
0.224	0.001	0.001	0.774
0.001	0.001	0.997	0.001
0.894	0.001	0.104	0.001
0.001	0.997	0.001	0.001
0.997	0.001	0.001	0.001
0.551	0.252	0.196	0.001
>TGTAGAAT	4-TGTAGAAT	7.328688	-10.410201	0	T:9.0(17.31%),B:1274.6(3.11%),P:1e-4	Tpos:191.3,Tstd:122.4,Bpos:149.5,Bstd:102.9,StrandBias:-0.5,Multiplicity:1.33
0.001	0.260	0.175	0.564
0.001	0.144	0.854	0.001
0.072	0.001	0.025	0.902
0.954	0.001	0.001	0.044
0.001	0.136	0.862	0.001
0.997	0.001	0.001	0.001
0.820	0.001	0.001	0.178
0.001	0.001	0.001	0.997
>KTATTTAT	5-KTATTTAT	3.017911	-10.247561	0	T:18.0(34.62%),B:5143.3(12.53%),P:1e-4	Tpos:164.3,Tstd:105.9,Bpos:152.8,Bstd:111.5,StrandBias:1.1,Multiplicity:1.39
0.001	0.001	0.521	0.477
0.001	0.001	0.117	0.881
0.595	0.001	0.001	0.403
0.001	0.001	0.001	0.997
0.001	0.001	0.001	0.997
0.001	0.001	0.310	0.688
0.997	0.001	0.001	0.001
0.001	0.001	0.001	0.997
