>TGTGTGTGCA	1-TGTGTGTGCA	8.874455	-21.209706	0	T:13.0(27.08%),B:1152.4(2.83%),P:1e-9	Tpos:222.1,Tstd:75.2,Bpos:161.7,Bstd:115.8,StrandBias:-0.5,Multiplicity:1.00
0.001	0.001	0.001	0.997
0.001	0.001	0.915	0.083
0.099	0.001	0.006	0.894
0.001	0.092	0.906	0.001
0.102	0.001	0.001	0.896
0.114	0.001	0.884	0.001
0.001	0.141	0.001	0.857
0.145	0.099	0.755	0.001
0.001	0.558	0.233	0.208
0.749	0.004	0.246	0.001
>CYCACCGCAC	2-CYCACCGCAC	7.974783	-20.401409	0	T:23.0(47.92%),B:4957.4(12.19%),P:1e-8	Tpos:179.0,Tstd:101.7,Bpos:186.0,Bstd:109.8,StrandBias:0.0,Multiplicity:1.22
0.001	0.946	0.049	0.004
0.001	0.493	0.059	0.447
0.001	0.822	0.176	0.001
0.740	0.043	0.001	0.216
0.148	0.691	0.024	0.137
0.041	0.886	0.072	0.001
0.198	0.049	0.617	0.136
0.050	0.876	0.032	0.042
0.486	0.186	0.302	0.026
0.043	0.955	0.001	0.001
>CAAAKAAATA	3-CAAAKAAATA	7.889153	-15.275148	0	T:16.0(33.33%),B:3056.4(7.52%),P:1e-6	Tpos:138.5,Tstd:100.6,Bpos:143.6,Bstd:113.8,StrandBias:0.4,Multiplicity:1.31
0.289	0.617	0.091	0.003
0.650	0.001	0.001	0.348
0.671	0.002	0.207	0.120
0.932	0.001	0.065	0.002
0.001	0.001	0.441	0.557
0.997	0.001	0.001	0.001
0.836	0.001	0.001	0.162
0.858	0.001	0.140	0.001
0.252	0.077	0.001	0.670
0.529	0.055	0.271	0.145
>CTCATMARTY	4-CTCATMARTY	9.397121	-11.564090	0	T:6.0(12.50%),B:411.7(1.01%),P:1e-5	Tpos:119.8,Tstd:55.0,Bpos:166.2,Bstd:108.9,StrandBias:-1.0,Multiplicity:1.00
0.001	0.997	0.001	0.001
0.001	0.001	0.001	0.997
0.288	0.710	0.001	0.001
0.997	0.001	0.001	0.001
0.171	0.308	0.001	0.520
0.498	0.500	0.001	0.001
0.997	0.001	0.001	0.001
0.433	0.001	0.565	0.001
0.252	0.001	0.001	0.746
0.001	0.481	0.001	0.517
>TGGGGCTCTC	5-TGGGGCTCTC	10.296193	-9.353920	0	T:3.0(6.25%),B:69.8(0.17%),P:1e-4	Tpos:73.2,Tstd:69.9,Bpos:176.4,Bstd:111.0,StrandBias:0.0,Multiplicity:1.33
0.100	0.100	0.100	0.700
0.100	0.100	0.700	0.100
0.100	0.100	0.700	0.100
0.100	0.100	0.700	0.100
0.100	0.100	0.700	0.100
0.100	0.700	0.100	0.100
0.100	0.100	0.100	0.700
0.100	0.700	0.100	0.100
0.100	0.100	0.100	0.700
0.100	0.700	0.100	0.100
>GGGAGGAGGGGG	1-GGGAGGAGGGGG	13.075832	-21.539764	0	T:11.0(22.92%),B:688.0(1.69%),P:1e-9	Tpos:180.9,Tstd:89.0,Bpos:190.5,Bstd:108.3,StrandBias:-0.3,Multiplicity:1.00
0.001	0.001	0.997	0.001
0.001	0.001	0.997	0.001
0.097	0.001	0.901	0.001
0.798	0.098	0.001	0.103
0.075	0.001	0.923	0.001
0.113	0.139	0.747	0.001
0.919	0.001	0.001	0.079
0.001	0.001	0.997	0.001
0.080	0.082	0.837	0.001
0.001	0.001	0.997	0.001
0.066	0.001	0.932	0.001
0.001	0.001	0.997	0.001
>MAARAGGWACTG	2-MAARAGGWACTG	11.977418	-19.201190	0	T:5.0(10.42%),B:47.1(0.12%),P:1e-8	Tpos:126.7,Tstd:85.7,Bpos:189.7,Bstd:123.1,StrandBias:1.3,Multiplicity:1.40
0.562	0.436	0.001	0.001
0.997	0.001	0.001	0.001
0.997	0.001	0.001	0.001
0.571	0.001	0.427	0.001
0.997	0.001	0.001	0.001
0.001	0.001	0.842	0.156
0.001	0.001	0.842	0.156
0.529	0.001	0.001	0.469
0.997	0.001	0.001	0.001
0.001	0.997	0.001	0.001
0.001	0.001	0.001	0.997
0.001	0.001	0.842	0.156
>GCGCTCGTCGCC	3-GCGCTCGTCGCC	10.060748	-15.729090	0	T:5.0(10.42%),B:98.7(0.24%),P:1e-6	Tpos:190.0,Tstd:144.6,Bpos:198.7,Bstd:123.9,StrandBias:0.0,Multiplicity:1.20
0.001	0.001	0.997	0.001
0.001	0.997	0.001	0.001
0.001	0.001	0.997	0.001
0.001	0.997	0.001	0.001
0.001	0.001	0.001	0.997
0.001	0.997	0.001	0.001
0.103	0.001	0.895	0.001
0.001	0.142	0.001	0.856
0.098	0.900	0.001	0.001
0.001	0.001	0.997	0.001
0.001	0.997	0.001	0.001
0.001	0.997	0.001	0.001
>STGCCGAGTGGS	4-STGCCGAGTGGS	8.771609	-15.354926	0	T:5.0(10.42%),B:107.0(0.26%),P:1e-6	Tpos:226.2,Tstd:76.4,Bpos:178.6,Bstd:110.9,StrandBias:-2.0,Multiplicity:1.00
0.197	0.351	0.254	0.198
0.141	0.187	0.161	0.511
0.063	0.108	0.702	0.127
0.059	0.700	0.168	0.073
0.108	0.604	0.203	0.085
0.099	0.147	0.667	0.087
0.542	0.149	0.201	0.108
0.082	0.110	0.706	0.102
0.168	0.198	0.173	0.461
0.079	0.106	0.687	0.128
0.080	0.141	0.748	0.031
0.156	0.322	0.367	0.155
>GGCGGGCAGGGS	5-GGCGGGCAGGGS	10.290665	-12.831110	0	T:13.0(27.08%),B:2380.0(5.85%),P:1e-5	Tpos:183.7,Tstd:86.5,Bpos:201.4,Bstd:103.3,StrandBias:-0.2,Multiplicity:1.15
0.001	0.001	0.997	0.001
0.001	0.001	0.997	0.001
0.001	0.971	0.001	0.027
0.186	0.163	0.650	0.001
0.001	0.001	0.997	0.001
0.001	0.102	0.679	0.218
0.001	0.997	0.001	0.001
0.716	0.205	0.078	0.001
0.001	0.178	0.820	0.001
0.353	0.001	0.645	0.001
0.001	0.297	0.701	0.001
0.001	0.479	0.519	0.001
>GATAAATG	1-GATAAATG	8.801575	-16.456809	0	T:8.0(16.67%),B:459.5(1.13%),P:1e-7	Tpos:151.2,Tstd:122.6,Bpos:140.8,Bstd:111.2,StrandBias:0.0,Multiplicity:1.00
0.001	0.001	0.997	0.001
0.865	0.001	0.133	0.001
0.001	0.001	0.001	0.997
0.903	0.001	0.095	0.001
0.997	0.001	0.001	0.001
0.857	0.001	0.001	0.141
0.001	0.001	0.001	0.997
0.001	0.001	0.997	0.001
>AGAARTTG	2-AGAARTTG	8.625512	-11.733125	0	T:13.0(27.08%),B:2633.1(6.47%),P:1e-5	Tpos:171.6,Tstd:85.5,Bpos:156.9,Bstd:113.6,StrandBias:0.3,Multiplicity:1.31
0.997	0.001	0.001	0.001
0.001	0.001	0.997	0.001
0.912	0.086	0.001	0.001
0.997	0.001	0.001	0.001
0.510	0.001	0.488	0.001
0.279	0.001	0.001	0.719
0.001	0.001	0.001	0.997
0.001	0.001	0.693	0.305
>TGTAGAAT	3-TGTAGAAT	7.646892	-11.179582	0	T:9.0(18.75%),B:1247.0(3.07%),P:1e-4	Tpos:180.2,Tstd:114.7,Bpos:147.4,Bstd:106.9,StrandBias:-1.0,Multiplicity:1.33
0.001	0.255	0.001	0.743
0.001	0.146	0.852	0.001
0.093	0.001	0.001	0.905
0.939	0.001	0.001	0.059
0.001	0.141	0.857	0.001
0.997	0.001	0.001	0.001
0.821	0.001	0.001	0.177
0.001	0.001	0.174	0.824
>GGGCGCAC	4-GGGCGCAC	8.135618	-7.581445	0	T:10.0(20.83%),B:2455.7(6.04%),P:1e-3	Tpos:174.3,Tstd:95.0,Bpos:189.7,Bstd:111.4,StrandBias:0.2,Multiplicity:1.30
0.001	0.001	0.997	0.001
0.070	0.001	0.816	0.113
0.001	0.001	0.997	0.001
0.001	0.933	0.065	0.001
0.001	0.001	0.997	0.001
0.001	0.997	0.001	0.001
0.997	0.001	0.001	0.001
0.001	0.997	0.001	0.001
>ACACACAA	5-ACACACAA	10.708002	-7.520018	0	T:5.0(10.42%),B:563.3(1.39%),P:1e-3	Tpos:179.0,Tstd:89.8,Bpos:148.4,Bstd:110.3,StrandBias:1.0,Multiplicity:1.20
0.997	0.001	0.001	0.001
0.001	0.879	0.001	0.119
0.997	0.001	0.001	0.001
0.001	0.997	0.001	0.001
0.840	0.001	0.158	0.001
0.001	0.938	0.060	0.001
0.997	0.001	0.001	0.001
0.997	0.001	0.001	0.001
