>GGGAGGAGGGGG	1-GGGAGGAGGGGG	13.075832	-21.539764	0	T:11.0(22.92%),B:688.0(1.69%),P:1e-9	Tpos:180.9,Tstd:89.0,Bpos:190.5,Bstd:108.3,StrandBias:-0.3,Multiplicity:1.00
0.001	0.001	0.997	0.001
0.001	0.001	0.997	0.001
0.097	0.001	0.901	0.001
0.798	0.098	0.001	0.103
0.075	0.001	0.923	0.001
0.113	0.139	0.747	0.001
0.919	0.001	0.001	0.079
0.001	0.001	0.997	0.001
0.080	0.082	0.837	0.001
0.001	0.001	0.997	0.001
0.066	0.001	0.932	0.001
0.001	0.001	0.997	0.001
>MAARAGGWACTG	2-MAARAGGWACTG	11.977418	-19.201190	0	T:5.0(10.42%),B:47.1(0.12%),P:1e-8	Tpos:126.7,Tstd:85.7,Bpos:189.7,Bstd:123.1,StrandBias:1.3,Multiplicity:1.40
0.562	0.436	0.001	0.001
0.997	0.001	0.001	0.001
0.997	0.001	0.001	0.001
0.571	0.001	0.427	0.001
0.997	0.001	0.001	0.001
0.001	0.001	0.842	0.156
0.001	0.001	0.842	0.156
0.529	0.001	0.001	0.469
0.997	0.001	0.001	0.001
0.001	0.997	0.001	0.001
0.001	0.001	0.001	0.997
0.001	0.001	0.842	0.156
>GCGCTCGTCGCC	3-GCGCTCGTCGCC	10.060748	-15.729090	0	T:5.0(10.42%),B:98.7(0.24%),P:1e-6	Tpos:190.0,Tstd:144.6,Bpos:198.7,Bstd:123.9,StrandBias:0.0,Multiplicity:1.20
0.001	0.001	0.997	0.001
0.001	0.997	0.001	0.001
0.001	0.001	0.997	0.001
0.001	0.997	0.001	0.001
0.001	0.001	0.001	0.997
0.001	0.997	0.001	0.001
0.103	0.001	0.895	0.001
0.001	0.142	0.001	0.856
0.098	0.900	0.001	0.001
0.001	0.001	0.997	0.001
0.001	0.997	0.001	0.001
0.001	0.997	0.001	0.001
>STGCCGAGTGGS	4-STGCCGAGTGGS	8.771609	-15.354926	0	T:5.0(10.42%),B:107.0(0.26%),P:1e-6	Tpos:226.2,Tstd:76.4,Bpos:178.6,Bstd:110.9,StrandBias:-2.0,Multiplicity:1.00
0.197	0.351	0.254	0.198
0.141	0.187	0.161	0.511
0.063	0.108	0.702	0.127
0.059	0.700	0.168	0.073
0.108	0.604	0.203	0.085
0.099	0.147	0.667	0.087
0.542	0.149	0.201	0.108
0.082	0.110	0.706	0.102
0.168	0.198	0.173	0.461
0.079	0.106	0.687	0.128
0.080	0.141	0.748	0.031
0.156	0.322	0.367	0.155
>GGCGGGCAGGGS	5-GGCGGGCAGGGS	10.290665	-12.831110	0	T:13.0(27.08%),B:2380.0(5.85%),P:1e-5	Tpos:183.7,Tstd:86.5,Bpos:201.4,Bstd:103.3,StrandBias:-0.2,Multiplicity:1.15
0.001	0.001	0.997	0.001
0.001	0.001	0.997	0.001
0.001	0.971	0.001	0.027
0.186	0.163	0.650	0.001
0.001	0.001	0.997	0.001
0.001	0.102	0.679	0.218
0.001	0.997	0.001	0.001
0.716	0.205	0.078	0.001
0.001	0.178	0.820	0.001
0.353	0.001	0.645	0.001
0.001	0.297	0.701	0.001
0.001	0.479	0.519	0.001
