>GATAAATG	1-GATAAATG	8.801575	-16.456809	0	T:8.0(16.67%),B:459.5(1.13%),P:1e-7	Tpos:151.2,Tstd:122.6,Bpos:140.8,Bstd:111.2,StrandBias:0.0,Multiplicity:1.00
0.001	0.001	0.997	0.001
0.865	0.001	0.133	0.001
0.001	0.001	0.001	0.997
0.903	0.001	0.095	0.001
0.997	0.001	0.001	0.001
0.857	0.001	0.001	0.141
0.001	0.001	0.001	0.997
0.001	0.001	0.997	0.001
>AGAARTTG	2-AGAARTTG	8.625512	-11.733125	0	T:13.0(27.08%),B:2633.1(6.47%),P:1e-5	Tpos:171.6,Tstd:85.5,Bpos:156.9,Bstd:113.6,StrandBias:0.3,Multiplicity:1.31
0.997	0.001	0.001	0.001
0.001	0.001	0.997	0.001
0.912	0.086	0.001	0.001
0.997	0.001	0.001	0.001
0.510	0.001	0.488	0.001
0.279	0.001	0.001	0.719
0.001	0.001	0.001	0.997
0.001	0.001	0.693	0.305
>TGTAGAAT	3-TGTAGAAT	7.646892	-11.179582	0	T:9.0(18.75%),B:1247.0(3.07%),P:1e-4	Tpos:180.2,Tstd:114.7,Bpos:147.4,Bstd:106.9,StrandBias:-1.0,Multiplicity:1.33
0.001	0.255	0.001	0.743
0.001	0.146	0.852	0.001
0.093	0.001	0.001	0.905
0.939	0.001	0.001	0.059
0.001	0.141	0.857	0.001
0.997	0.001	0.001	0.001
0.821	0.001	0.001	0.177
0.001	0.001	0.174	0.824
>GGGCGCAC	4-GGGCGCAC	8.135618	-7.581445	0	T:10.0(20.83%),B:2455.7(6.04%),P:1e-3	Tpos:174.3,Tstd:95.0,Bpos:189.7,Bstd:111.4,StrandBias:0.2,Multiplicity:1.30
0.001	0.001	0.997	0.001
0.070	0.001	0.816	0.113
0.001	0.001	0.997	0.001
0.001	0.933	0.065	0.001
0.001	0.001	0.997	0.001
0.001	0.997	0.001	0.001
0.997	0.001	0.001	0.001
0.001	0.997	0.001	0.001
>ACACACAA	5-ACACACAA	10.708002	-7.520018	0	T:5.0(10.42%),B:563.3(1.39%),P:1e-3	Tpos:179.0,Tstd:89.8,Bpos:148.4,Bstd:110.3,StrandBias:1.0,Multiplicity:1.20
0.997	0.001	0.001	0.001
0.001	0.879	0.001	0.119
0.997	0.001	0.001	0.001
0.001	0.997	0.001	0.001
0.840	0.001	0.158	0.001
0.001	0.938	0.060	0.001
0.997	0.001	0.001	0.001
0.997	0.001	0.001	0.001
